70
114
111
109
32
105
108
117
103
45
97
100
109
105
110
64
108
105
110
117
120
46
105
101
32
32
84
104
117
32
65
117
103
32
50
50
32
49
55
58
49
57
58
51
49
32
50
48
48
50
10
82
101
116
117
114
110
45
80
97
116
104
58
32
60
105
108
117
103
45
97
100
109
105
110
64
108
105
110
117
120
46
105
101
62
10
68
101
108
105
118
101
114
101
100
45
84
111
58
32
122
122
122
122
64
108
111
99
97
108
104
111
115
116
46
110
101
116
110
111
116
101
105
110
99
46
99
111
109
10
82
101
99
101
105
118
101
100
58
32
102
114
111
109
32
108
111
99
97
108
104
111
115
116
32
40
108
111
99
97
108
104
111
115
116
32
91
49
50
55
46
48
46
48
46
49
93
41
10
9
98
121
32
112
104
111
98
111
115
46
108
97
98
115
46
110
101
116
110
111
116
101
105
110
99
46
99
111
109
32
40
80
111
115
116
102
105
120
41
32
119
105
116
104
32
69
83
77
84
80
32
105
100
32
54
54
50
50
55
52
55
67
54
57
10
9
102
111
114
32
60
122
122
122
122
64
108
111
99
97
108
104
111
115
116
62
59
32
84
104
117
44
32
50
50
32
65
117
103
32
50
48
48
50
32
49
50
58
49
57
58
50
51
32
45
48
52
48
48
32
40
69
68
84
41
10
82
101
99
101
105
118
101
100
58
32
102
114
111
109
32
112
104
111
98
111
115
32
91
49
50
55
46
48
46
48
46
49
93
10
9
98
121
32
108
111
99
97
108
104
111
115
116
32
119
105
116
104
32
73
77
65
80
32
40
102
101
116
99
104
109
97
105
108
45
53
46
57
46
48
41
10
9
102
111
114
32
122
122
122
122
64
108
111
99
97
108
104
111
115
116
32
40
115
105
110
103
108
101
45
100
114
111
112
41
59
32
84
104
117
44
32
50
50
32
65
117
103
32
50
48
48
50
32
49
55
58
49
57
58
50
51
32
43
48
49
48
48
32
40
73
83
84
41
10
82
101
99
101
105
118
101
100
58
32
102
114
111
109
32
108
117
103
104
46
116
117
97
116
104
97
46
111
114
103
32
40
114
111
111
116
64
108
117
103
104
46
116
117
97
116
104
97
46
111
114
103
32
91
49
57
52
46
49
50
53
46
49
52
53
46
52
53
93
41
32
98
121
10
32
32
32
32
100
111
103
109
97
46
115
108
97
115
104
110
117
108
108
46
111
114
103
32
40
56
46
49
49
46
54
47
56
46
49
49
46
54
41
32
119
105
116
104
32
69
83
77
84
80
32
105
100
32
103
55
77
71
74
111
90
49
52
50
52
49
32
102
111
114
10
32
32
32
32
60
122
122
122
122
45
105
108
117
103
64
115
112
97
109
97
115
115
97
115
115
105
110
46
116
97
105
110
116
46
111
114
103
62
59
32
84
104
117
44
32
50
50
32
65
117
103
32
50
48
48
50
32
49
55
58
49
57
58
53
48
32
43
48
49
48
48
10
82
101
99
101
105
118
101
100
58
32
102
114
111
109
32
108
117
103
104
32
40
114
111
111
116
64
108
111
99
97
108
104
111
115
116
32
91
49
50
55
46
48
46
48
46
49
93
41
32
98
121
32
108
117
103
104
46
116
117
97
116
104
97
46
111
114
103
10
32
32
32
32
40
56
46
57
46
51
47
56
46
57
46
51
41
32
119
105
116
104
32
69
83
77
84
80
32
105
100
32
82
65
65
48
57
57
52
50
59
32
84
104
117
44
32
50
50
32
65
117
103
32
50
48
48
50
32
49
55
58
49
56
58
53
56
32
43
48
49
48
48
10
82
101
99
101
105
118
101
100
58
32
102
114
111
109
32
115
109
116
112
115
116
111
114
101
46
115
116
114
101
110
99
111
109
46
110
101
116
32
40
110
115
49
46
115
116
114
101
110
99
111
109
46
110
101
116
32
91
50
49
55
46
55
53
46
48
46
54
54
93
41
32
98
121
10
32
32
32
32
108
117
103
104
46
116
117
97
116
104
97
46
111
114
103
32
40
56
46
57
46
51
47
56
46
57
46
51
41
32
119
105
116
104
32
69
83
77
84
80
32
105
100
32
82
65
65
48
57
57
49
55
32
102
111
114
32
60
105
108
117
103
64
108
105
110
117
120
46
105
101
62
59
10
32
32
32
32
84
104
117
44
32
50
50
32
65
117
103
32
50
48
48
50
32
49
55
58
49
56
58
53
48
32
43
48
49
48
48
10
88
45
65
117
116
104
101
110
116
105
99
97
116
105
111
110
45
87
97
114
110
105
110
103
58
32
108
117
103
104
46
116
117
97
116
104
97
46
111
114
103
58
32
72
111
115
116
32
110
115
49
46
115
116
114
101
110
99
111
109
46
110
101
116
10
32
32
32
32
91
50
49
55
46
55
53
46
48
46
54
54
93
32
99
108
97
105
109
101
100
32
116
111
32
98
101
32
115
109
116
112
115
116
111
114
101
46
115
116
114
101
110
99
111
109
46
110
101
116
10
82
101
99
101
105
118
101
100
58
32
102
114
111
109
32
101
110
116
101
114
112
114
105
115
101
46
119
97
115
112
116
101
99
104
46
99
111
109
32
40
109
97
105
108
46
119
97
115
112
116
101
99
104
46
99
111
109
32
91
50
49
55
46
55
53
46
50
46
49
48
54
93
41
10
32
32
32
32
98
121
32
115
109
116
112
115
116
111
114
101
46
115
116
114
101
110
99
111
109
46
110
101
116
32
40
80
111
115
116
102
105
120
41
32
119
105
116
104
32
69
83
77
84
80
32
105
100
32
56
67
49
48
53
67
69
69
56
56
59
10
32
32
32
32
84
104
117
44
32
50
50
32
65
117
103
32
50
48
48
50
32
49
54
58
51
49
58
49
53
32
43
48
48
48
48
32
40
65
90
79
83
84
41
10
88
45
77
105
109
101
111
108
101
58
32
80
114
111
100
117
99
101
100
32
66
121
32
77
105
99
114
111
115
111
102
116
32
69
120
99
104
97
110
103
101
32
86
54
46
48
46
53
55
54
50
46
51
10
67
111
110
116
101
110
116
45
67
108
97
115
115
58
32
117
114
110
58
99
111
110
116
101
110
116
45
99
108
97
115
115
101
115
58
109
101
115
115
97
103
101
10
77
73
77
69
45
86
101
114
115
105
111
110
58
32
49
46
48
10
67
111
110
116
101
110
116
45
84
121
112
101
58
32
116
101
120
116
47
112
108
97
105
110
59
32
99
104
97
114
115
101
116
61
34
117
115
45
97
115
99
105
105
34
10
83
117
98
106
101
99
116
58
32
82
69
58
32
91
73
76
85
71
93
32
83
117
110
32
83
111
108
97
114
105
115
46
46
10
68
97
116
101
58
32
84
104
117
44
32
50
50
32
65
117
103
32
50
48
48
50
32
49
55
58
49
51
58
48
49
32
43
48
49
48
48
10
77
101
115
115
97
103
101
45
73
100
58
32
60
52
53
49
51
48
70
66
69
50
70
50
48
51
54
52
57
65
52
66
65
66
68
66
56
52
56
65
57
67
57
68
48
48
69
57
67
56
65
64
101
110
116
101
114
112
114
105
115
101
46
119
97
115
112
116
101
99
104
46
99
111
109
62
10
88
45
77
83
45
72
97
115
45
65
116
116
97
99
104
58
32
10
88
45
77
83
45
84
110
101
102
45
67
111
114
114
101
108
97
116
111
114
58
32
10
84
104
114
101
97
100
45
84
111
112
105
99
58
32
91
73
76
85
71
93
32
83
117
110
32
83
111
108
97
114
105
115
46
46
10
84
104
114
101
97
100
45
73
110
100
101
120
58
32
65
99
74
74
57
112
50
57
118
49
57
110
86
65
121
112
82
118
50
53
97
83
115
115
87
71
101
78
81
65
65
65
66
116
114
119
10
70
114
111
109
58
32
34
70
101
114
103
97
108
32
77
111
114
97
110
34
32
60
102
101
114
103
97
108
46
109
111
114
97
110
64
119
97
115
112
116
101
99
104
46
99
111
109
62
10
84
111
58
32
34
75
105
97
108
108
32
77
97
99
32
73
110
110
101
115
34
32
60
107
105
97
108
108
64
114
101
100
112
105
101
46
99
111
109
62
44
32
34
73
76
85
71
34
32
60
105
108
117
103
64
108
105
110
117
120
46
105
101
62
10
67
111
110
116
101
110
116
45
84
114
97
110
115
102
101
114
45
69
110
99
111
100
105
110
103
58
32
56
98
105
116
10
88
45
77
73
77
69
45
65
117
116
111
99
111
110
118
101
114
116
101
100
58
32
102
114
111
109
32
113
117
111
116
101
100
45
112
114
105
110
116
97
98
108
101
32
116
111
32
56
98
105
116
32
98
121
32
108
117
103
104
46
116
117
97
116
104
97
46
111
114
103
32
105
100
10
32
32
32
32
82
65
65
48
57
57
49
55
10
83
101
110
100
101
114
58
32
105
108
117
103
45
97
100
109
105
110
64
108
105
110
117
120
46
105
101
10
69
114
114
111
114
115
45
84
111
58
32
105
108
117
103
45
97
100
109
105
110
64
108
105
110
117
120
46
105
101
10
88
45
77
97
105
108
109
97
110
45
86
101
114
115
105
111
110
58
32
49
46
49
10
80
114
101
99
101
100
101
110
99
101
58
32
98
117
108
107
10
76
105
115
116
45
73
100
58
32
73
114
105
115
104
32
76
105
110
117
120
32
85
115
101
114
115
39
32
71
114
111
117
112
32
60
105
108
117
103
46
108
105
110
117
120
46
105
101
62
10
88
45
66
101
101
110
116
104
101
114
101
58
32
105
108
117
103
64
108
105
110
117
120
46
105
101
10
10
73
110
32
97
32
110
117
116
115
104
101
108
108
32
45
32
83
111
108
97
114
105
115
32
105
115
32
83
117
110
115
32
111
119
110
32
102
108
97
118
111
117
114
32
111
102
32
85
78
73
88
46
10
10
62
32
45
45
45
45
45
79
114
105
103
105
110
97
108
32
77
101
115
115
97
103
101
45
45
45
45
45
10
62
32
70
114
111
109
58
32
75
105
97
108
108
32
77
97
99
32
73
110
110
101
115
32
91
109
97
105
108
116
111
58
107
105
97
108
108
64
114
101
100
112
105
101
46
99
111
109
93
32
10
62
32
83
101
110
116
58
32
50
50
32
65
117
103
117
115
116
32
50
48
48
50
32
49
55
58
50
51
10
62
32
84
111
58
32
73
76
85
71
10
62
32
83
117
98
106
101
99
116
58
32
91
73
76
85
71
93
32
83
117
110
32
83
111
108
97
114
105
115
46
46
10
62
32
10
62
32
10
62
32
67
97
110
32
115
111
109
101
111
110
101
32
101
120
112
108
97
105
110
32
119
104
97
116
32
116
121
112
101
32
111
102
32
111
112
101
114
97
116
105
110
103
32
115
121
115
116
101
109
32
83
111
108
97
114
105
115
32
10
62
32
105
115
46
46
46
32
97
115
32
105
118
101
32
110
101
118
101
114
32
115
101
101
110
32
111
114
32
117
115
101
100
32
105
116
32
105
32
100
111
110
116
32
107
110
111
119
32
119
104
101
97
116
104
101
114
32
116
111
32
10
62
32
103
101
116
32
97
32
115
101
114
118
101
114
32
102
114
111
109
32
83
117
110
32
111
114
32
102
114
111
109
32
68
69
76
76
32
105
32
119
111
117
108
100
32
112
114
101
102
101
114
32
97
32
108
105
110
117
120
32
10
62
32
98
97
115
101
100
32
115
101
114
118
101
114
32
97
110
100
32
83
117
110
32
115
101
101
109
115
32
116
111
32
98
101
32
116
104
101
32
111
110
101
32
102
111
114
32
116
104
97
116
32
98
117
116
32
105
109
32
110
111
116
32
10
62
32
115
117
114
101
32
105
102
32
83
111
108
97
114
105
115
32
105
115
32
97
32
100
105
115
116
114
111
32
111
102
32
108
105
110
117
120
32
111
114
32
97
32
99
111
109
112
108
101
116
101
108
121
32
10
62
32
100
105
102
102
101
114
101
110
116
32
111
112
101
114
97
116
105
110
103
32
115
121
115
116
101
109
63
32
99
97
110
32
115
111
109
101
111
110
101
32
101
120
112
108
97
105
110
46
46
46
10
62
32
10
62
32
75
105
97
108
108
32
77
97
99
32
73
110
110
101
115
10
62
32
10
62
32
10
62
32
45
45
32
10
62
32
73
114
105
115
104
32
76
105
110
117
120
32
85
115
101
114
115
39
32
71
114
111
117
112
58
32
105
108
117
103
64
108
105
110
117
120
46
105
101
32
10
62
32
104
116
116
112
58
47
47
119
119
119
46
108
105
110
117
120
46
105
101
47
109
97
105
108
109
97
110
47
108
105
115
116
105
110
102
111
47
105
108
117
103
32
102
111
114
32
10
62
32
40
117
110
41
115
117
98
115
99
114
105
112
116
105
111
110
32
105
110
102
111
114
109
97
116
105
111
110
46
32
76
105
115
116
32
109
97
105
110
116
97
105
110
101
114
58
32
108
105
115
116
109
97
115
116
101
114
64
108
105
110
117
120
46
105
101
10
62
32
10
10
45
45
32
10
73
114
105
115
104
32
76
105
110
117
120
32
85
115
101
114
115
39
32
71
114
111
117
112
58
32
105
108
117
103
64
108
105
110
117
120
46
105
101
10
104
116
116
112
58
47
47
119
119
119
46
108
105
110
117
120
46
105
101
47
109
97
105
108
109
97
110
47
108
105
115
116
105
110
102
111
47
105
108
117
103
32
102
111
114
32
40
117
110
41
115
117
98
115
99
114
105
112
116
105
111
110
32
105
110
102
111
114
109
97
116
105
111
110
46
10
76
105
115
116
32
109
97
105
110
116
97
105
110
101
114
58
32
108
105
115
116
109
97
115
116
101
114
64
108
105
110
117
120
46
105
101
10
10
