70
114
111
109
32
116
105
109
99
64
50
117
98
104
46
99
111
109
32
32
84
104
117
32
65
117
103
32
50
50
32
49
51
58
53
50
58
53
57
32
50
48
48
50
10
82
101
116
117
114
110
45
80
97
116
104
58
32
60
116
105
109
99
64
50
117
98
104
46
99
111
109
62
10
68
101
108
105
118
101
114
101
100
45
84
111
58
32
122
122
122
122
64
108
111
99
97
108
104
111
115
116
46
110
101
116
110
111
116
101
105
110
99
46
99
111
109
10
82
101
99
101
105
118
101
100
58
32
102
114
111
109
32
108
111
99
97
108
104
111
115
116
32
40
108
111
99
97
108
104
111
115
116
32
91
49
50
55
46
48
46
48
46
49
93
41
10
9
98
121
32
112
104
111
98
111
115
46
108
97
98
115
46
110
101
116
110
111
116
101
105
110
99
46
99
111
109
32
40
80
111
115
116
102
105
120
41
32
119
105
116
104
32
69
83
77
84
80
32
105
100
32
48
51
49
52
53
52
55
67
54
54
10
9
102
111
114
32
60
122
122
122
122
64
108
111
99
97
108
104
111
115
116
62
59
32
84
104
117
44
32
50
50
32
65
117
103
32
50
48
48
50
32
48
56
58
53
50
58
53
56
32
45
48
52
48
48
32
40
69
68
84
41
10
82
101
99
101
105
118
101
100
58
32
102
114
111
109
32
112
104
111
98
111
115
32
91
49
50
55
46
48
46
48
46
49
93
10
9
98
121
32
108
111
99
97
108
104
111
115
116
32
119
105
116
104
32
73
77
65
80
32
40
102
101
116
99
104
109
97
105
108
45
53
46
57
46
48
41
10
9
102
111
114
32
122
122
122
122
64
108
111
99
97
108
104
111
115
116
32
40
115
105
110
103
108
101
45
100
114
111
112
41
59
32
84
104
117
44
32
50
50
32
65
117
103
32
50
48
48
50
32
49
51
58
53
50
58
53
57
32
43
48
49
48
48
32
40
73
83
84
41
10
82
101
99
101
105
118
101
100
58
32
102
114
111
109
32
110
49
54
46
103
114
112
46
115
99
100
46
121
97
104
111
111
46
99
111
109
32
40
110
49
54
46
103
114
112
46
115
99
100
46
121
97
104
111
111
46
99
111
109
10
32
32
32
32
91
54
54
46
50
49
56
46
54
54
46
55
49
93
41
32
98
121
32
100
111
103
109
97
46
115
108
97
115
104
110
117
108
108
46
111
114
103
32
40
56
46
49
49
46
54
47
56
46
49
49
46
54
41
32
119
105
116
104
32
83
77
84
80
32
105
100
10
32
32
32
32
103
55
77
67
114
100
90
48
55
48
55
48
32
102
111
114
32
60
122
122
122
122
64
115
112
97
109
97
115
115
97
115
115
105
110
46
116
97
105
110
116
46
111
114
103
62
59
32
84
104
117
44
32
50
50
32
65
117
103
32
50
48
48
50
32
49
51
58
53
51
58
51
57
32
43
48
49
48
48
10
88
45
69
103
114
111
117
112
115
45
82
101
116
117
114
110
58
32
115
101
110
116
116
111
45
50
50
52
50
53
55
50
45
53
50
55
51
51
45
49
48
51
48
48
50
48
56
50
48
45
122
122
122
122
61
115
112
97
109
97
115
115
97
115
115
105
110
46
116
97
105
110
116
46
111
114
103
64
114
101
116
117
114
110
115
46
103
114
111
117
112
115
46
121
97
104
111
111
46
99
111
109
10
82
101
99
101
105
118
101
100
58
32
102
114
111
109
32
91
54
54
46
50
49
56
46
54
55
46
49
57
56
93
32
98
121
32
110
49
54
46
103
114
112
46
115
99
100
46
121
97
104
111
111
46
99
111
109
32
119
105
116
104
32
78
78
70
77
80
59
10
32
32
32
32
50
50
32
65
117
103
32
50
48
48
50
32
49
50
58
53
51
58
52
48
32
45
48
48
48
48
10
88
45
83
101
110
100
101
114
58
32
116
105
109
99
64
50
117
98
104
46
99
111
109
10
88
45
65
112
112
97
114
101
110
116
108
121
45
84
111
58
32
122
122
122
122
116
101
97
110
97
64
121
97
104
111
111
103
114
111
117
112
115
46
99
111
109
10
82
101
99
101
105
118
101
100
58
32
40
69
71
80
58
32
109
97
105
108
45
56
95
49
95
48
95
49
41
59
32
50
50
32
65
117
103
32
50
48
48
50
32
49
50
58
53
51
58
51
57
32
45
48
48
48
48
10
82
101
99
101
105
118
101
100
58
32
40
113
109
97
105
108
32
55
54
48
57
57
32
105
110
118
111
107
101
100
32
102
114
111
109
32
110
101
116
119
111
114
107
41
59
32
50
50
32
65
117
103
32
50
48
48
50
32
49
50
58
53
51
58
51
57
32
45
48
48
48
48
10
82
101
99
101
105
118
101
100
58
32
102
114
111
109
32
117
110
107
110
111
119
110
32
40
54
54
46
50
49
56
46
54
54
46
50
49
56
41
32
98
121
32
109
53
46
103
114
112
46
115
99
100
46
121
97
104
111
111
46
99
111
109
32
119
105
116
104
32
81
77
81
80
59
10
32
32
32
32
50
50
32
65
117
103
32
50
48
48
50
32
49
50
58
53
51
58
51
57
32
45
48
48
48
48
10
82
101
99
101
105
118
101
100
58
32
102
114
111
109
32
117
110
107
110
111
119
110
32
40
72
69
76
79
32
114
104
101
110
105
117
109
46
98
116
105
110
116
101
114
110
101
116
46
99
111
109
41
32
40
49
57
52
46
55
51
46
55
51
46
57
51
41
32
98
121
10
32
32
32
32
109
116
97
51
46
103
114
112
46
115
99
100
46
121
97
104
111
111
46
99
111
109
32
119
105
116
104
32
83
77
84
80
59
32
50
50
32
65
117
103
32
50
48
48
50
32
49
50
58
53
51
58
51
57
32
45
48
48
48
48
10
82
101
99
101
105
118
101
100
58
32
102
114
111
109
32
104
111
115
116
50
49
55
45
51
54
45
50
51
45
49
56
53
46
105
110
45
97
100
100
114
46
98
116
111
112
101
110
119
111
114
108
100
46
99
111
109
32
40
91
50
49
55
46
51
54
46
50
51
46
49
56
53
93
41
10
32
32
32
32
98
121
32
114
104
101
110
105
117
109
46
98
116
105
110
116
101
114
110
101
116
46
99
111
109
32
119
105
116
104
32
101
115
109
116
112
32
40
69
120
105
109
32
51
46
50
50
32
35
56
41
32
105
100
32
49
55
104
114
84
48
45
48
48
48
52
103
106
45
48
48
10
32
32
32
32
102
111
114
32
102
111
114
116
101
97
110
97
64
121
97
104
111
111
103
114
111
117
112
115
46
99
111
109
59
32
84
104
117
44
32
50
50
32
65
117
103
32
50
48
48
50
32
49
51
58
53
51
58
51
56
32
43
48
49
48
48
10
88
45
77
97
105
108
101
114
58
32
77
105
99
114
111
115
111
102
116
32
79
117
116
108
111
111
107
32
69
120
112
114
101
115
115
32
77
97
99
105
110
116
111
115
104
32
69
100
105
116
105
111
110
32
45
32
52
46
53
32
40
48
52
49
48
41
10
84
111
58
32
122
122
122
122
116
101
97
110
97
32
60
122
122
122
122
116
101
97
110
97
64
121
97
104
111
111
103
114
111
117
112
115
46
99
111
109
62
10
88
45
80
114
105
111
114
105
116
121
58
32
51
10
77
101
115
115
97
103
101
45
73
100
58
32
60
69
49
55
104
114
84
48
45
48
48
48
52
103
106
45
48
48
64
114
104
101
110
105
117
109
46
98
116
105
110
116
101
114
110
101
116
46
99
111
109
62
10
70
114
111
109
58
32
34
84
105
109
32
67
104
97
112
109
97
110
34
32
60
116
105
109
99
64
50
117
98
104
46
99
111
109
62
10
88
45
89
97
104
111
111
45
80
114
111
102
105
108
101
58
32
116
105
109
50
117
98
104
10
77
73
77
69
45
86
101
114
115
105
111
110
58
32
49
46
48
10
77
97
105
108
105
110
103
45
76
105
115
116
58
32
108
105
115
116
32
122
122
122
122
116
101
97
110
97
64
121
97
104
111
111
103
114
111
117
112
115
46
99
111
109
59
32
99
111
110
116
97
99
116
10
32
32
32
32
102
111
114
116
101
97
110
97
45
111
119
110
101
114
64
121
97
104
111
111
103
114
111
117
112
115
46
99
111
109
10
68
101
108
105
118
101
114
101
100
45
84
111
58
32
109
97
105
108
105
110
103
32
108
105
115
116
32
122
122
122
122
116
101
97
110
97
64
121
97
104
111
111
103
114
111
117
112
115
46
99
111
109
10
80
114
101
99
101
100
101
110
99
101
58
32
98
117
108
107
10
76
105
115
116
45
85
110
115
117
98
115
99
114
105
98
101
58
32
60
109
97
105
108
116
111
58
122
122
122
122
116
101
97
110
97
45
117
110
115
117
98
115
99
114
105
98
101
64
121
97
104
111
111
103
114
111
117
112
115
46
99
111
109
62
10
68
97
116
101
58
32
84
104
117
44
32
50
50
32
65
117
103
32
50
48
48
50
32
49
51
58
53
50
58
51
56
32
43
48
49
48
48
10
83
117
98
106
101
99
116
58
32
91
122
122
122
122
116
101
97
110
97
93
32
77
111
115
99
111
119
32
98
111
109
98
101
114
10
82
101
112
108
121
45
84
111
58
32
122
122
122
122
116
101
97
110
97
64
121
97
104
111
111
103
114
111
117
112
115
46
99
111
109
10
67
111
110
116
101
110
116
45
84
121
112
101
58
32
116
101
120
116
47
112
108
97
105
110
59
32
99
104
97
114
115
101
116
61
85
83
45
65
83
67
73
73
10
67
111
110
116
101
110
116
45
84
114
97
110
115
102
101
114
45
69
110
99
111
100
105
110
103
58
32
55
98
105
116
10
10
77
97
110
32
84
104
114
101
97
116
101
110
115
32
69
120
112
108
111
115
105
111
110
32
73
110
32
77
111
115
99
111
119
32
10
10
84
104
117
114
115
100
97
121
32
65
117
103
117
115
116
32
50
50
44
32
50
48
48
50
32
49
58
52
48
32
80
77
10
77
79
83
67
79
87
32
40
65
80
41
32
45
32
83
101
99
117
114
105
116
121
32
111
102
102
105
99
101
114
115
32
111
110
32
84
104
117
114
115
100
97
121
32
115
101
105
122
101
100
32
97
110
32
117
110
105
100
101
110
116
105
102
105
101
100
32
109
97
110
32
119
104
111
10
115
97
105
100
32
104
101
32
119
97
115
32
97
114
109
101
100
32
119
105
116
104
32
101
120
112
108
111
115
105
118
101
115
32
97
110
100
32
116
104
114
101
97
116
101
110
101
100
32
116
111
32
98
108
111
119
32
117
112
32
104
105
115
32
116
114
117
99
107
32
105
110
10
102
114
111
110
116
32
111
102
32
82
117
115
115
105
97
39
115
32
70
101
100
101
114
97
108
32
83
101
99
117
114
105
116
121
32
83
101
114
118
105
99
101
115
32
104
101
97
100
113
117
97
114
116
101
114
115
32
105
110
32
77
111
115
99
111
119
44
32
78
84
86
10
116
101
108
101
118
105
115
105
111
110
32
114
101
112
111
114
116
101
100
46
10
84
104
101
32
111
102
102
105
99
101
114
115
32
115
101
105
122
101
100
32
97
110
32
97
117
116
111
109
97
116
105
99
32
114
105
102
108
101
32
116
104
101
32
109
97
110
32
119
97
115
32
99
97
114
114
121
105
110
103
44
32
116
104
101
110
32
116
104
101
32
109
97
110
10
103
111
116
32
111
117
116
32
111
102
32
116
104
101
32
116
114
117
99
107
32
97
110
100
32
119
97
115
32
116
97
107
101
110
32
105
110
116
111
32
99
117
115
116
111
100
121
44
32
78
84
86
32
115
97
105
100
46
32
78
111
32
111
116
104
101
114
32
100
101
116
97
105
108
115
10
119
101
114
101
32
105
109
109
101
100
105
97
116
101
108
121
32
97
118
97
105
108
97
98
108
101
46
10
84
104
101
32
109
97
110
32
104
97
100
32
100
101
109
97
110
100
101
100
32
116
97
108
107
115
32
119
105
116
104
32
104
105
103
104
32
103
111
118
101
114
110
109
101
110
116
32
111
102
102
105
99
105
97
108
115
44
32
116
104
101
32
73
110
116
101
114
102
97
120
32
97
110
100
10
73
84
65
82
45
84
97
115
115
32
110
101
119
115
32
97
103
101
110
99
105
101
115
32
115
97
105
100
46
32
69
107
104
111
32
77
111
115
107
118
121
32
114
97
100
105
111
32
114
101
112
111
114
116
101
100
32
116
104
97
116
32
104
101
32
119
97
110
116
101
100
32
116
111
10
116
97
108
107
32
119
105
116
104
32
82
117
115
115
105
97
110
32
80
114
101
115
105
100
101
110
116
32
86
108
97
100
105
109
105
114
32
80
117
116
105
110
46
10
80
111
108
105
99
101
32
97
110
100
32
115
101
99
117
114
105
116
121
32
102
111
114
99
101
115
32
114
117
115
104
101
100
32
116
111
32
116
104
101
32
83
101
99
117
114
105
116
121
32
83
101
114
118
105
99
101
32
98
117
105
108
100
105
110
103
44
32
119
105
116
104
105
110
10
98
108
111
99
107
115
32
111
102
32
116
104
101
32
75
114
101
109
108
105
110
44
32
82
101
100
32
83
113
117
97
114
101
32
97
110
100
32
116
104
101
32
66
111
108
115
104
111
105
32
66
97
108
108
101
116
44
32
97
110
100
32
115
117
114
114
111
117
110
100
101
100
32
116
104
101
10
109
97
110
44
32
119
104
111
32
99
108
97
105
109
101
100
32
116
111
32
104
97
118
101
32
111
110
101
32
97
110
100
32
97
32
104
97
108
102
32
116
111
110
115
32
111
102
32
101
120
112
108
111
115
105
118
101
115
44
32
116
104
101
32
110
101
119
115
10
97
103
101
110
99
105
101
115
32
115
97
105
100
46
32
78
101
103
111
116
105
97
116
105
111
110
115
32
99
111
110
116
105
110
117
101
100
32
102
111
114
32
97
98
111
117
116
32
111
110
101
32
97
110
100
32
97
32
104
97
108
102
32
104
111
117
114
115
32
111
117
116
115
105
100
101
10
116
104
101
32
98
117
105
108
100
105
110
103
44
32
73
84
65
82
45
84
97
115
115
32
97
110
100
32
73
110
116
101
114
102
97
120
32
114
101
112
111
114
116
101
100
44
32
99
105
116
105
110
103
32
119
105
116
110
101
115
115
101
115
46
10
84
104
101
32
109
97
110
32
108
97
116
101
114
32
100
114
111
118
101
32
97
119
97
121
32
102
114
111
109
32
116
104
101
32
98
117
105
108
100
105
110
103
44
32
117
110
100
101
114
32
112
111
108
105
99
101
32
101
115
99
111
114
116
44
32
97
110
100
32
100
114
111
118
101
10
116
111
32
97
32
115
116
114
101
101
116
32
110
101
97
114
32
77
111
115
99
111
119
39
115
32
79
108
121
109
112
105
99
32
80
101
110
116
97
32
72
111
116
101
108
44
32
119
104
101
114
101
32
97
117
116
104
111
114
105
116
105
101
115
32
104
101
108
100
10
102
117
114
116
104
101
114
32
110
101
103
111
116
105
97
116
105
111
110
115
32
119
105
116
104
32
104
105
109
44
32
116
104
101
32
77
111
115
99
111
119
32
112
111
108
105
99
101
32
112
114
101
115
115
32
115
101
114
118
105
99
101
32
115
97
105
100
46
32
84
104
101
10
109
111
118
101
32
97
112
112
101
97
114
101
100
32
116
111
32
98
101
32
97
110
32
97
116
116
101
109
112
116
32
98
121
32
115
101
99
117
114
105
116
121
32
115
101
114
118
105
99
101
115
32
116
111
32
103
101
116
32
104
105
109
32
116
111
32
97
32
109
111
114
101
10
115
101
99
117
114
101
32
108
111
99
97
116
105
111
110
46
32
10
10
45
45
45
45
45
45
45
45
45
45
45
45
45
45
45
45
45
45
45
45
45
45
45
45
32
89
97
104
111
111
33
32
71
114
111
117
112
115
32
83
112
111
110
115
111
114
32
45
45
45
45
45
45
45
45
45
45
45
45
45
45
45
45
45
45
45
45
45
126
45
45
62
10
52
32
68
86
68
115
32
70
114
101
101
32
43
115
38
112
32
74
111
105
110
32
78
111
119
10
104
116
116
112
58
47
47
117
115
46
99
108
105
99
107
46
121
97
104
111
111
46
99
111
109
47
112
116
54
89
66
66
47
78
88
105
69
65
65
47
109
71
51
72
65
65
47
55
103
83
111
108
66
47
84
77
10
45
45
45
45
45
45
45
45
45
45
45
45
45
45
45
45
45
45
45
45
45
45
45
45
45
45
45
45
45
45
45
45
45
45
45
45
45
45
45
45
45
45
45
45
45
45
45
45
45
45
45
45
45
45
45
45
45
45
45
45
45
45
45
45
45
45
45
45
45
126
45
62
10
10
84
111
32
117
110
115
117
98
115
99
114
105
98
101
32
102
114
111
109
32
116
104
105
115
32
103
114
111
117
112
44
32
115
101
110
100
32
97
110
32
101
109
97
105
108
32
116
111
58
10
102
111
114
116
101
97
110
97
45
117
110
115
117
98
115
99
114
105
98
101
64
101
103
114
111
117
112
115
46
99
111
109
10
10
32
10
10
89
111
117
114
32
117
115
101
32
111
102
32
89
97
104
111
111
33
32
71
114
111
117
112
115
32
105
115
32
115
117
98
106
101
99
116
32
116
111
32
104
116
116
112
58
47
47
100
111
99
115
46
121
97
104
111
111
46
99
111
109
47
105
110
102
111
47
116
101
114
109
115
47
32
10
10
10
10
