70
114
111
109
32
102
111
114
107
45
97
100
109
105
110
64
120
101
110
116
46
99
111
109
32
32
70
114
105
32
65
117
103
32
50
51
32
49
49
58
48
56
58
50
54
32
50
48
48
50
10
82
101
116
117
114
110
45
80
97
116
104
58
32
60
102
111
114
107
45
97
100
109
105
110
64
120
101
110
116
46
99
111
109
62
10
68
101
108
105
118
101
114
101
100
45
84
111
58
32
122
122
122
122
64
108
111
99
97
108
104
111
115
116
46
110
101
116
110
111
116
101
105
110
99
46
99
111
109
10
82
101
99
101
105
118
101
100
58
32
102
114
111
109
32
108
111
99
97
108
104
111
115
116
32
40
108
111
99
97
108
104
111
115
116
32
91
49
50
55
46
48
46
48
46
49
93
41
10
9
98
121
32
112
104
111
98
111
115
46
108
97
98
115
46
110
101
116
110
111
116
101
105
110
99
46
99
111
109
32
40
80
111
115
116
102
105
120
41
32
119
105
116
104
32
69
83
77
84
80
32
105
100
32
66
65
55
48
54
52
55
67
54
56
10
9
102
111
114
32
60
122
122
122
122
64
108
111
99
97
108
104
111
115
116
62
59
32
70
114
105
44
32
50
51
32
65
117
103
32
50
48
48
50
32
48
54
58
48
54
58
52
54
32
45
48
52
48
48
32
40
69
68
84
41
10
82
101
99
101
105
118
101
100
58
32
102
114
111
109
32
112
104
111
98
111
115
32
91
49
50
55
46
48
46
48
46
49
93
10
9
98
121
32
108
111
99
97
108
104
111
115
116
32
119
105
116
104
32
73
77
65
80
32
40
102
101
116
99
104
109
97
105
108
45
53
46
57
46
48
41
10
9
102
111
114
32
122
122
122
122
64
108
111
99
97
108
104
111
115
116
32
40
115
105
110
103
108
101
45
100
114
111
112
41
59
32
70
114
105
44
32
50
51
32
65
117
103
32
50
48
48
50
32
49
49
58
48
54
58
52
54
32
43
48
49
48
48
32
40
73
83
84
41
10
82
101
99
101
105
118
101
100
58
32
102
114
111
109
32
120
101
110
116
46
99
111
109
32
40
91
54
52
46
49
54
49
46
50
50
46
50
51
54
93
41
32
98
121
32
100
111
103
109
97
46
115
108
97
115
104
110
117
108
108
46
111
114
103
10
32
32
32
32
40
56
46
49
49
46
54
47
56
46
49
49
46
54
41
32
119
105
116
104
32
69
83
77
84
80
32
105
100
32
103
55
77
74
79
83
90
50
49
52
51
53
32
102
111
114
32
60
122
122
122
122
64
115
112
97
109
97
115
115
97
115
115
105
110
46
116
97
105
110
116
46
111
114
103
62
59
10
32
32
32
32
84
104
117
44
32
50
50
32
65
117
103
32
50
48
48
50
32
50
48
58
50
52
58
50
56
32
43
48
49
48
48
10
82
101
99
101
105
118
101
100
58
32
102
114
111
109
32
108
97
105
114
46
120
101
110
116
46
99
111
109
32
40
108
111
99
97
108
104
111
115
116
32
91
49
50
55
46
48
46
48
46
49
93
41
32
98
121
32
120
101
110
116
46
99
111
109
32
40
80
111
115
116
102
105
120
41
10
32
32
32
32
119
105
116
104
32
69
83
77
84
80
32
105
100
32
53
51
50
53
55
50
57
52
48
69
53
59
32
84
104
117
44
32
50
50
32
65
117
103
32
50
48
48
50
32
49
50
58
50
50
58
48
56
32
45
48
55
48
48
32
40
80
68
84
41
10
68
101
108
105
118
101
114
101
100
45
84
111
58
32
102
111
114
107
64
115
112
97
109
97
115
115
97
115
115
105
110
46
116
97
105
110
116
46
111
114
103
10
82
101
99
101
105
118
101
100
58
32
102
114
111
109
32
99
114
97
110
107
46
115
108
97
99
107
46
110
101
116
32
40
115
108
97
99
107
46
110
101
116
32
91
49
54
54
46
56
52
46
49
53
49
46
49
56
49
93
41
32
98
121
32
120
101
110
116
46
99
111
109
10
32
32
32
32
40
80
111
115
116
102
105
120
41
32
119
105
116
104
32
69
83
77
84
80
32
105
100
32
49
57
66
69
48
50
57
52
48
57
57
32
102
111
114
32
60
102
111
114
107
64
120
101
110
116
46
99
111
109
62
59
32
84
104
117
44
10
32
32
32
32
50
50
32
65
117
103
32
50
48
48
50
32
49
50
58
50
49
58
52
51
32
45
48
55
48
48
32
40
80
68
84
41
10
82
101
99
101
105
118
101
100
58
32
98
121
32
99
114
97
110
107
46
115
108
97
99
107
46
110
101
116
32
40
80
111
115
116
102
105
120
44
32
102
114
111
109
32
117
115
101
114
105
100
32
53
57
54
41
32
105
100
32
68
49
68
69
69
51
69
67
57
69
59
10
32
32
32
32
84
104
117
44
32
50
50
32
65
117
103
32
50
48
48
50
32
49
53
58
50
53
58
50
52
32
45
48
52
48
48
32
40
69
68
84
41
10
82
101
99
101
105
118
101
100
58
32
102
114
111
109
32
108
111
99
97
108
104
111
115
116
32
40
108
111
99
97
108
104
111
115
116
32
91
49
50
55
46
48
46
48
46
49
93
41
32
98
121
32
99
114
97
110
107
46
115
108
97
99
107
46
110
101
116
10
32
32
32
32
40
80
111
115
116
102
105
120
41
32
119
105
116
104
32
69
83
77
84
80
32
105
100
32
68
48
52
68
69
51
69
67
49
48
59
32
84
104
117
44
32
50
50
32
65
117
103
32
50
48
48
50
32
49
53
58
50
53
58
50
52
32
45
48
52
48
48
32
40
69
68
84
41
10
70
114
111
109
58
32
84
111
109
32
60
116
111
109
119
104
111
114
101
64
115
108
97
99
107
46
110
101
116
62
10
84
111
58
32
34
74
111
115
101
112
104
32
83
46
32
66
97
114
114
101
114
97
32
73
73
73
34
32
60
106
111
101
64
98
97
114
114
101
114
97
46
111
114
103
62
10
67
99
58
32
67
104
114
105
115
32
72
97
117
110
32
60
99
104
114
105
115
64
110
111
115
107
105
108
108
122
46
99
111
109
62
44
32
60
102
111
114
107
64
115
112
97
109
97
115
115
97
115
115
105
110
46
116
97
105
110
116
46
111
114
103
62
10
83
117
98
106
101
99
116
58
32
82
101
58
32
108
105
102
101
103
101
109
10
73
110
45
82
101
112
108
121
45
84
111
58
32
60
51
68
54
53
51
56
55
52
46
56
48
49
48
50
48
52
64
98
97
114
114
101
114
97
46
111
114
103
62
10
77
101
115
115
97
103
101
45
73
100
58
32
60
80
105
110
101
46
66
83
79
46
52
46
52
52
46
48
50
48
56
50
50
49
53
50
52
51
56
48
46
50
56
50
51
49
45
49
48
48
48
48
48
64
99
114
97
110
107
46
115
108
97
99
107
46
110
101
116
62
10
77
73
77
69
45
86
101
114
115
105
111
110
58
32
49
46
48
10
67
111
110
116
101
110
116
45
84
121
112
101
58
32
84
69
88
84
47
80
76
65
73
78
59
32
99
104
97
114
115
101
116
61
85
83
45
65
83
67
73
73
10
83
101
110
100
101
114
58
32
102
111
114
107
45
97
100
109
105
110
64
120
101
110
116
46
99
111
109
10
69
114
114
111
114
115
45
84
111
58
32
102
111
114
107
45
97
100
109
105
110
64
120
101
110
116
46
99
111
109
10
88
45
66
101
101
110
116
104
101
114
101
58
32
102
111
114
107
64
115
112
97
109
97
115
115
97
115
115
105
110
46
116
97
105
110
116
46
111
114
103
10
88
45
77
97
105
108
109
97
110
45
86
101
114
115
105
111
110
58
32
50
46
48
46
49
49
10
80
114
101
99
101
100
101
110
99
101
58
32
98
117
108
107
10
76
105
115
116
45
72
101
108
112
58
32
60
109
97
105
108
116
111
58
102
111
114
107
45
114
101
113
117
101
115
116
64
120
101
110
116
46
99
111
109
63
115
117
98
106
101
99
116
61
104
101
108
112
62
10
76
105
115
116
45
80
111
115
116
58
32
60
109
97
105
108
116
111
58
102
111
114
107
64
115
112
97
109
97
115
115
97
115
115
105
110
46
116
97
105
110
116
46
111
114
103
62
10
76
105
115
116
45
83
117
98
115
99
114
105
98
101
58
32
60
104
116
116
112
58
47
47
120
101
110
116
46
99
111
109
47
109
97
105
108
109
97
110
47
108
105
115
116
105
110
102
111
47
102
111
114
107
62
44
32
60
109
97
105
108
116
111
58
102
111
114
107
45
114
101
113
117
101
115
116
64
120
101
110
116
46
99
111
109
63
115
117
98
106
101
99
116
61
115
117
98
115
99
114
105
98
101
62
10
76
105
115
116
45
73
100
58
32
70
114
105
101
110
100
115
32
111
102
32
82
111
104
105
116
32
75
104
97
114
101
32
60
102
111
114
107
46
120
101
110
116
46
99
111
109
62
10
76
105
115
116
45
85
110
115
117
98
115
99
114
105
98
101
58
32
60
104
116
116
112
58
47
47
120
101
110
116
46
99
111
109
47
109
97
105
108
109
97
110
47
108
105
115
116
105
110
102
111
47
102
111
114
107
62
44
10
32
32
32
32
60
109
97
105
108
116
111
58
102
111
114
107
45
114
101
113
117
101
115
116
64
120
101
110
116
46
99
111
109
63
115
117
98
106
101
99
116
61
117
110
115
117
98
115
99
114
105
98
101
62
10
76
105
115
116
45
65
114
99
104
105
118
101
58
32
60
104
116
116
112
58
47
47
120
101
110
116
46
99
111
109
47
112
105
112
101
114
109
97
105
108
47
102
111
114
107
47
62
10
68
97
116
101
58
32
84
104
117
44
32
50
50
32
65
117
103
32
50
48
48
50
32
49
53
58
50
53
58
50
52
32
45
48
52
48
48
32
40
69
68
84
41
10
10
79
110
32
84
104
117
44
32
50
50
32
65
117
103
32
50
48
48
50
44
32
74
111
115
101
112
104
32
83
46
32
66
97
114
114
101
114
97
32
73
73
73
32
119
114
111
116
101
58
10
45
45
93
87
104
121
32
119
97
105
116
32
117
110
116
105
108
32
121
111
117
39
114
101
32
100
101
97
100
63
32
73
39
109
32
115
117
114
101
32
116
104
101
114
101
39
115
32
101
110
111
117
103
104
32
99
97
114
98
111
110
32
105
110
10
45
45
93
116
104
101
32
102
97
116
32
102
114
111
109
32
121
111
117
114
32
116
121
112
105
99
97
108
32
108
105
112
111
115
117
99
116
105
111
110
32
106
111
98
32
116
111
32
109
97
107
101
32
97
32
100
101
99
101
110
116
32
100
105
97
109
111
110
100
46
10
10
83
111
32
116
104
97
116
115
32
119
104
121
32
73
32
107
101
101
112
32
115
101
101
105
110
103
32
68
101
66
101
101
114
115
32
97
103
101
110
116
115
32
104
111
118
101
114
105
110
103
32
97
114
111
117
110
100
32
109
101
46
10
10
45
116
111
109
40
100
105
97
109
111
110
100
115
32
105
110
32
116
104
101
32
102
111
108
100
115
32
111
102
32
109
121
32
102
108
101
115
104
41
119
115
109
102
10
10
10
104
116
116
112
58
47
47
120
101
110
116
46
99
111
109
47
109
97
105
108
109
97
110
47
108
105
115
116
105
110
102
111
47
102
111
114
107
10
10
