70
114
111
109
32
83
116
101
118
101
95
66
117
114
116
64
99
117
114
115
111
114
45
115
121
115
116
101
109
46
99
111
109
32
32
84
104
117
32
65
117
103
32
50
50
32
49
50
58
52
54
58
51
57
32
50
48
48
50
10
82
101
116
117
114
110
45
80
97
116
104
58
32
60
83
116
101
118
101
95
66
117
114
116
64
99
117
114
115
111
114
45
115
121
115
116
101
109
46
99
111
109
62
10
68
101
108
105
118
101
114
101
100
45
84
111
58
32
122
122
122
122
64
108
111
99
97
108
104
111
115
116
46
110
101
116
110
111
116
101
105
110
99
46
99
111
109
10
82
101
99
101
105
118
101
100
58
32
102
114
111
109
32
108
111
99
97
108
104
111
115
116
32
40
108
111
99
97
108
104
111
115
116
32
91
49
50
55
46
48
46
48
46
49
93
41
10
9
98
121
32
112
104
111
98
111
115
46
108
97
98
115
46
110
101
116
110
111
116
101
105
110
99
46
99
111
109
32
40
80
111
115
116
102
105
120
41
32
119
105
116
104
32
69
83
77
84
80
32
105
100
32
66
69
49
50
69
52
51
67
51
52
10
9
102
111
114
32
60
122
122
122
122
64
108
111
99
97
108
104
111
115
116
62
59
32
84
104
117
44
32
50
50
32
65
117
103
32
50
48
48
50
32
48
55
58
52
54
58
51
56
32
45
48
52
48
48
32
40
69
68
84
41
10
82
101
99
101
105
118
101
100
58
32
102
114
111
109
32
112
104
111
98
111
115
32
91
49
50
55
46
48
46
48
46
49
93
10
9
98
121
32
108
111
99
97
108
104
111
115
116
32
119
105
116
104
32
73
77
65
80
32
40
102
101
116
99
104
109
97
105
108
45
53
46
57
46
48
41
10
9
102
111
114
32
122
122
122
122
64
108
111
99
97
108
104
111
115
116
32
40
115
105
110
103
108
101
45
100
114
111
112
41
59
32
84
104
117
44
32
50
50
32
65
117
103
32
50
48
48
50
32
49
50
58
52
54
58
51
56
32
43
48
49
48
48
32
40
73
83
84
41
10
82
101
99
101
105
118
101
100
58
32
102
114
111
109
32
110
50
48
46
103
114
112
46
115
99
100
46
121
97
104
111
111
46
99
111
109
32
40
110
50
48
46
103
114
112
46
115
99
100
46
121
97
104
111
111
46
99
111
109
10
32
32
32
32
91
54
54
46
50
49
56
46
54
54
46
55
54
93
41
32
98
121
32
100
111
103
109
97
46
115
108
97
115
104
110
117
108
108
46
111
114
103
32
40
56
46
49
49
46
54
47
56
46
49
49
46
54
41
32
119
105
116
104
32
83
77
84
80
32
105
100
10
32
32
32
32
103
55
77
66
107
84
90
48
53
48
56
55
32
102
111
114
32
60
122
122
122
122
64
115
112
97
109
97
115
115
97
115
115
105
110
46
116
97
105
110
116
46
111
114
103
62
59
32
84
104
117
44
32
50
50
32
65
117
103
32
50
48
48
50
32
49
50
58
52
54
58
50
57
32
43
48
49
48
48
10
88
45
69
103
114
111
117
112
115
45
82
101
116
117
114
110
58
32
115
101
110
116
116
111
45
50
50
52
50
53
55
50
45
53
50
55
50
54
45
49
48
51
48
48
49
54
55
57
48
45
122
122
122
122
61
115
112
97
109
97
115
115
97
115
115
105
110
46
116
97
105
110
116
46
111
114
103
64
114
101
116
117
114
110
115
46
103
114
111
117
112
115
46
121
97
104
111
111
46
99
111
109
10
82
101
99
101
105
118
101
100
58
32
102
114
111
109
32
91
54
54
46
50
49
56
46
54
55
46
49
57
54
93
32
98
121
32
110
50
48
46
103
114
112
46
115
99
100
46
121
97
104
111
111
46
99
111
109
32
119
105
116
104
32
78
78
70
77
80
59
10
32
32
32
32
50
50
32
65
117
103
32
50
48
48
50
32
49
49
58
52
54
58
51
48
32
45
48
48
48
48
10
88
45
83
101
110
100
101
114
58
32
115
116
101
118
101
46
98
117
114
116
64
99
117
114
115
111
114
45
115
121
115
116
101
109
46
99
111
109
10
88
45
65
112
112
97
114
101
110
116
108
121
45
84
111
58
32
122
122
122
122
116
101
97
110
97
64
121
97
104
111
111
103
114
111
117
112
115
46
99
111
109
10
82
101
99
101
105
118
101
100
58
32
40
69
71
80
58
32
109
97
105
108
45
56
95
49
95
48
95
49
41
59
32
50
50
32
65
117
103
32
50
48
48
50
32
49
49
58
52
54
58
50
57
32
45
48
48
48
48
10
82
101
99
101
105
118
101
100
58
32
40
113
109
97
105
108
32
49
49
55
54
52
32
105
110
118
111
107
101
100
32
102
114
111
109
32
110
101
116
119
111
114
107
41
59
32
50
50
32
65
117
103
32
50
48
48
50
32
49
49
58
52
54
58
50
57
32
45
48
48
48
48
10
82
101
99
101
105
118
101
100
58
32
102
114
111
109
32
117
110
107
110
111
119
110
32
40
54
54
46
50
49
56
46
54
54
46
50
49
55
41
32
98
121
32
109
51
46
103
114
112
46
115
99
100
46
121
97
104
111
111
46
99
111
109
32
119
105
116
104
32
81
77
81
80
59
10
32
32
32
32
50
50
32
65
117
103
32
50
48
48
50
32
49
49
58
52
54
58
50
57
32
45
48
48
48
48
10
82
101
99
101
105
118
101
100
58
32
102
114
111
109
32
117
110
107
110
111
119
110
32
40
72
69
76
79
32
109
97
105
108
103
97
116
101
119
97
121
46
99
117
114
115
111
114
45
115
121
115
116
101
109
46
99
111
109
41
32
40
54
50
46
49
56
57
46
55
46
50
55
41
10
32
32
32
32
98
121
32
109
116
97
50
46
103
114
112
46
115
99
100
46
121
97
104
111
111
46
99
111
109
32
119
105
116
104
32
83
77
84
80
59
32
50
50
32
65
117
103
32
50
48
48
50
32
49
49
58
52
54
58
50
57
32
45
48
48
48
48
10
82
101
99
101
105
118
101
100
58
32
102
114
111
109
32
101
120
99
104
97
110
103
101
49
46
99
112
115
46
108
111
99
97
108
32
40
117
110
118
101
114
105
102
105
101
100
41
32
98
121
10
32
32
32
32
109
97
105
108
103
97
116
101
119
97
121
46
99
117
114
115
111
114
45
115
121
115
116
101
109
46
99
111
109
32
40
67
111
110
116
101
110
116
32
84
101
99
104
110
111
108
111
103
105
101
115
32
83
77
84
80
82
83
32
52
46
50
46
49
48
41
32
119
105
116
104
10
32
32
32
32
69
83
77
84
80
32
105
100
32
60
84
53
99
100
101
56
49
102
54
57
53
97
99
49
100
49
48
48
52
48
55
100
64
109
97
105
108
103
97
116
101
119
97
121
46
99
117
114
115
111
114
45
115
121
115
116
101
109
46
99
111
109
62
32
102
111
114
10
32
32
32
32
60
102
111
114
116
101
97
110
97
64
121
97
104
111
111
103
114
111
117
112
115
46
99
111
109
62
59
32
84
104
117
44
32
50
50
32
65
117
103
32
50
48
48
50
32
49
51
58
49
52
58
49
48
32
43
48
49
48
48
10
82
101
99
101
105
118
101
100
58
32
98
121
32
101
120
99
104
97
110
103
101
49
46
99
112
115
46
108
111
99
97
108
32
119
105
116
104
32
73
110
116
101
114
110
101
116
32
77
97
105
108
32
83
101
114
118
105
99
101
32
40
53
46
53
46
50
54
53
51
46
49
57
41
10
32
32
32
32
105
100
32
60
80
88
88
54
65
84
50
51
62
59
32
84
104
117
44
32
50
50
32
65
117
103
32
50
48
48
50
32
49
50
58
52
54
58
50
55
32
43
48
49
48
48
10
77
101
115
115
97
103
101
45
73
100
58
32
60
53
69
67
50
65
68
54
68
50
51
49
52
68
49
52
70
66
54
52
66
68
65
50
56
55
68
50
53
68
57
69
70
49
50
66
52
70
54
64
101
120
99
104
97
110
103
101
49
46
99
112
115
46
108
111
99
97
108
62
10
84
111
58
32
34
39
122
122
122
122
116
101
97
110
97
64
121
97
104
111
111
103
114
111
117
112
115
46
99
111
109
39
34
32
60
122
122
122
122
116
101
97
110
97
64
121
97
104
111
111
103
114
111
117
112
115
46
99
111
109
62
10
88
45
77
97
105
108
101
114
58
32
73
110
116
101
114
110
101
116
32
77
97
105
108
32
83
101
114
118
105
99
101
32
40
53
46
53
46
50
54
53
51
46
49
57
41
10
88
45
69
103
114
111
117
112
115
45
70
114
111
109
58
32
83
116
101
118
101
32
66
117
114
116
32
60
115
116
101
118
101
46
98
117
114
116
64
99
117
114
115
111
114
45
115
121
115
116
101
109
46
99
111
109
62
10
70
114
111
109
58
32
83
116
101
118
101
32
66
117
114
116
32
60
83
116
101
118
101
95
66
117
114
116
64
99
117
114
115
111
114
45
115
121
115
116
101
109
46
99
111
109
62
10
88
45
89
97
104
111
111
45
80
114
111
102
105
108
101
58
32
112
121
114
117
115
101
10
77
73
77
69
45
86
101
114
115
105
111
110
58
32
49
46
48
10
77
97
105
108
105
110
103
45
76
105
115
116
58
32
108
105
115
116
32
122
122
122
122
116
101
97
110
97
64
121
97
104
111
111
103
114
111
117
112
115
46
99
111
109
59
32
99
111
110
116
97
99
116
10
32
32
32
32
102
111
114
116
101
97
110
97
45
111
119
110
101
114
64
121
97
104
111
111
103
114
111
117
112
115
46
99
111
109
10
68
101
108
105
118
101
114
101
100
45
84
111
58
32
109
97
105
108
105
110
103
32
108
105
115
116
32
122
122
122
122
116
101
97
110
97
64
121
97
104
111
111
103
114
111
117
112
115
46
99
111
109
10
80
114
101
99
101
100
101
110
99
101
58
32
98
117
108
107
10
76
105
115
116
45
85
110
115
117
98
115
99
114
105
98
101
58
32
60
109
97
105
108
116
111
58
122
122
122
122
116
101
97
110
97
45
117
110
115
117
98
115
99
114
105
98
101
64
121
97
104
111
111
103
114
111
117
112
115
46
99
111
109
62
10
68
97
116
101
58
32
84
104
117
44
32
50
50
32
65
117
103
32
50
48
48
50
32
49
50
58
52
54
58
49
56
32
43
48
49
48
48
10
83
117
98
106
101
99
116
58
32
91
122
122
122
122
116
101
97
110
97
93
32
82
69
58
32
65
108
101
120
97
110
100
101
114
10
82
101
112
108
121
45
84
111
58
32
122
122
122
122
116
101
97
110
97
64
121
97
104
111
111
103
114
111
117
112
115
46
99
111
109
10
67
111
110
116
101
110
116
45
84
121
112
101
58
32
116
101
120
116
47
112
108
97
105
110
59
32
99
104
97
114
115
101
116
61
85
83
45
65
83
67
73
73
10
67
111
110
116
101
110
116
45
84
114
97
110
115
102
101
114
45
69
110
99
111
100
105
110
103
58
32
55
98
105
116
10
10
77
97
114
116
105
110
32
65
32
112
111
115
116
101
100
58
10
84
97
115
115
111
115
32
80
97
112
97
100
111
112
111
117
108
111
115
44
32
116
104
101
32
71
114
101
101
107
32
115
99
117
108
112
116
111
114
32
98
101
104
105
110
100
32
116
104
101
32
112
108
97
110
44
32
106
117
100
103
101
100
32
116
104
97
116
32
116
104
101
10
32
108
105
109
101
115
116
111
110
101
32
111
102
32
77
111
117
110
116
32
75
101
114
100
121
108
105
111
44
32
55
48
32
109
105
108
101
115
32
101
97
115
116
32
111
102
32
83
97
108
111
110
105
107
97
32
97
110
100
32
110
111
116
32
102
97
114
32
102
114
111
109
32
116
104
101
10
32
77
111
117
110
116
32
65
116
104
111
115
32
109
111
110
97
115
116
105
99
32
99
111
109
109
117
110
105
116
121
44
32
119
97
115
32
105
100
101
97
108
32
102
111
114
32
116
104
101
32
112
97
116
114
105
111
116
105
99
32
115
99
117
108
112
116
117
114
101
46
32
10
32
10
32
65
115
32
119
101
108
108
32
97
115
32
65
108
101
120
97
110
100
101
114
39
115
32
103
114
97
110
105
116
101
32
102
101
97
116
117
114
101
115
44
32
50
52
48
32
102
116
32
104
105
103
104
32
97
110
100
32
49
55
48
32
102
116
32
119
105
100
101
44
32
97
10
32
109
117
115
101
117
109
44
32
97
32
114
101
115
116
111
114
101
100
32
97
109
112
104
105
116
104
101
97
116
114
101
32
97
110
100
32
99
97
114
32
112
97
114
107
32
102
111
114
32
97
100
109
105
114
105
110
103
32
99
114
111
119
100
115
32
97
114
101
10
112
108
97
110
110
101
100
10
45
45
45
45
45
45
45
45
45
45
45
45
45
45
45
45
45
45
45
45
45
10
83
111
32
105
115
32
116
104
105
115
32
109
111
117
110
116
97
105
110
32
108
105
109
101
115
116
111
110
101
32
111
114
32
103
114
97
110
105
116
101
63
10
73
102
32
105
116
39
115
32
108
105
109
101
115
116
111
110
101
44
32
105
116
39
108
108
32
119
101
97
116
104
101
114
32
112
114
101
116
116
121
32
102
97
115
116
46
10
10
45
45
45
45
45
45
45
45
45
45
45
45
45
45
45
45
45
45
45
45
45
45
45
45
32
89
97
104
111
111
33
32
71
114
111
117
112
115
32
83
112
111
110
115
111
114
32
45
45
45
45
45
45
45
45
45
45
45
45
45
45
45
45
45
45
45
45
45
126
45
45
62
10
52
32
68
86
68
115
32
70
114
101
101
32
43
115
38
112
32
74
111
105
110
32
78
111
119
10
104
116
116
112
58
47
47
117
115
46
99
108
105
99
107
46
121
97
104
111
111
46
99
111
109
47
112
116
54
89
66
66
47
78
88
105
69
65
65
47
109
71
51
72
65
65
47
55
103
83
111
108
66
47
84
77
10
45
45
45
45
45
45
45
45
45
45
45
45
45
45
45
45
45
45
45
45
45
45
45
45
45
45
45
45
45
45
45
45
45
45
45
45
45
45
45
45
45
45
45
45
45
45
45
45
45
45
45
45
45
45
45
45
45
45
45
45
45
45
45
45
45
45
45
45
45
126
45
62
10
10
84
111
32
117
110
115
117
98
115
99
114
105
98
101
32
102
114
111
109
32
116
104
105
115
32
103
114
111
117
112
44
32
115
101
110
100
32
97
110
32
101
109
97
105
108
32
116
111
58
10
102
111
114
116
101
97
110
97
45
117
110
115
117
98
115
99
114
105
98
101
64
101
103
114
111
117
112
115
46
99
111
109
10
10
32
10
10
89
111
117
114
32
117
115
101
32
111
102
32
89
97
104
111
111
33
32
71
114
111
117
112
115
32
105
115
32
115
117
98
106
101
99
116
32
116
111
32
104
116
116
112
58
47
47
100
111
99
115
46
121
97
104
111
111
46
99
111
109
47
105
110
102
111
47
116
101
114
109
115
47
32
10
10
10
10
