70
114
111
109
32
115
112
97
109
97
115
115
97
115
115
105
110
45
100
101
118
101
108
45
97
100
109
105
110
64
108
105
115
116
115
46
115
111
117
114
99
101
102
111
114
103
101
46
110
101
116
32
32
84
104
117
32
65
117
103
32
50
50
32
49
54
58
50
55
58
50
53
32
50
48
48
50
10
82
101
116
117
114
110
45
80
97
116
104
58
32
60
115
112
97
109
97
115
115
97
115
115
105
110
45
100
101
118
101
108
45
97
100
109
105
110
64
101
120
97
109
112
108
101
46
115
111
117
114
99
101
102
111
114
103
101
46
110
101
116
62
10
68
101
108
105
118
101
114
101
100
45
84
111
58
32
122
122
122
122
64
108
111
99
97
108
104
111
115
116
46
110
101
116
110
111
116
101
105
110
99
46
99
111
109
10
82
101
99
101
105
118
101
100
58
32
102
114
111
109
32
108
111
99
97
108
104
111
115
116
32
40
108
111
99
97
108
104
111
115
116
32
91
49
50
55
46
48
46
48
46
49
93
41
10
9
98
121
32
112
104
111
98
111
115
46
108
97
98
115
46
110
101
116
110
111
116
101
105
110
99
46
99
111
109
32
40
80
111
115
116
102
105
120
41
32
119
105
116
104
32
69
83
77
84
80
32
105
100
32
68
70
50
68
68
52
51
70
57
66
10
9
102
111
114
32
60
122
122
122
122
64
108
111
99
97
108
104
111
115
116
62
59
32
84
104
117
44
32
50
50
32
65
117
103
32
50
48
48
50
32
49
49
58
50
55
58
50
52
32
45
48
52
48
48
32
40
69
68
84
41
10
82
101
99
101
105
118
101
100
58
32
102
114
111
109
32
112
104
111
98
111
115
32
91
49
50
55
46
48
46
48
46
49
93
10
9
98
121
32
108
111
99
97
108
104
111
115
116
32
119
105
116
104
32
73
77
65
80
32
40
102
101
116
99
104
109
97
105
108
45
53
46
57
46
48
41
10
9
102
111
114
32
122
122
122
122
64
108
111
99
97
108
104
111
115
116
32
40
115
105
110
103
108
101
45
100
114
111
112
41
59
32
84
104
117
44
32
50
50
32
65
117
103
32
50
48
48
50
32
49
54
58
50
55
58
50
52
32
43
48
49
48
48
32
40
73
83
84
41
10
82
101
99
101
105
118
101
100
58
32
102
114
111
109
32
117
115
119
45
115
102
45
108
105
115
116
50
46
115
111
117
114
99
101
102
111
114
103
101
46
110
101
116
32
40
117
115
119
45
115
102
45
102
119
50
46
115
111
117
114
99
101
102
111
114
103
101
46
110
101
116
10
32
32
32
32
91
50
49
54
46
49
51
54
46
49
55
49
46
50
53
50
93
41
32
98
121
32
100
111
103
109
97
46
115
108
97
115
104
110
117
108
108
46
111
114
103
32
40
56
46
49
49
46
54
47
56
46
49
49
46
54
41
32
119
105
116
104
32
69
83
77
84
80
32
105
100
10
32
32
32
32
103
55
77
70
74
72
90
49
49
57
54
52
32
102
111
114
32
60
122
122
122
122
64
115
112
97
109
97
115
115
97
115
115
105
110
46
116
97
105
110
116
46
111
114
103
62
59
32
84
104
117
44
32
50
50
32
65
117
103
32
50
48
48
50
32
49
54
58
49
57
58
49
55
32
43
48
49
48
48
10
82
101
99
101
105
118
101
100
58
32
102
114
111
109
32
117
115
119
45
115
102
45
108
105
115
116
49
45
98
46
115
111
117
114
99
101
102
111
114
103
101
46
110
101
116
32
40
91
49
48
46
51
46
49
46
49
51
93
10
32
32
32
32
104
101
108
111
61
117
115
119
45
115
102
45
108
105
115
116
49
46
115
111
117
114
99
101
102
111
114
103
101
46
110
101
116
41
32
98
121
32
117
115
119
45
115
102
45
108
105
115
116
50
46
115
111
117
114
99
101
102
111
114
103
101
46
110
101
116
32
119
105
116
104
10
32
32
32
32
101
115
109
116
112
32
40
69
120
105
109
32
51
46
51
49
45
86
65
45
109
109
50
32
35
49
32
40
68
101
98
105
97
110
41
41
32
105
100
32
49
55
104
116
102
113
45
48
48
48
49
71
48
45
48
48
59
32
84
104
117
44
10
32
32
32
32
50
50
32
65
117
103
32
50
48
48
50
32
48
56
58
49
53
58
48
50
32
45
48
55
48
48
10
82
101
99
101
105
118
101
100
58
32
102
114
111
109
32
119
119
119
46
99
116
121
109
101
46
99
111
109
32
40
91
50
48
57
46
50
51
55
46
50
50
56
46
49
48
93
32
104
101
108
111
61
100
97
114
119
105
110
46
99
116
121
109
101
46
99
111
109
41
32
98
121
10
32
32
32
32
117
115
119
45
115
102
45
108
105
115
116
49
46
115
111
117
114
99
101
102
111
114
103
101
46
110
101
116
32
119
105
116
104
32
101
115
109
116
112
32
40
67
105
112
104
101
114
32
84
76
83
118
49
58
68
69
83
45
67
66
67
51
45
83
72
65
58
49
54
56
41
10
32
32
32
32
40
69
120
105
109
32
51
46
51
49
45
86
65
45
109
109
50
32
35
49
32
40
68
101
98
105
97
110
41
41
32
105
100
32
49
55
104
116
102
97
45
48
48
48
54
90
113
45
48
48
32
102
111
114
10
32
32
32
32
60
115
112
97
109
97
115
115
97
115
115
105
110
45
100
101
118
101
108
64
108
105
115
116
115
46
115
111
117
114
99
101
102
111
114
103
101
46
110
101
116
62
59
32
84
104
117
44
32
50
50
32
65
117
103
32
50
48
48
50
32
48
56
58
49
52
58
52
55
10
32
32
32
32
45
48
55
48
48
10
82
101
99
101
105
118
101
100
58
32
102
114
111
109
32
109
50
48
54
45
53
54
46
100
115
108
46
116
115
111
102
116
46
99
111
109
32
40
91
49
57
56
46
49
52
52
46
50
48
54
46
53
54
93
32
104
101
108
111
61
112
101
114
107
101
108
46
99
111
109
41
32
98
121
10
32
32
32
32
100
97
114
119
105
110
46
99
116
121
109
101
46
99
111
109
32
119
105
116
104
32
97
115
109
116
112
32
40
84
76
83
118
49
58
82
67
52
45
77
68
53
58
49
50
56
41
32
40
69
120
105
109
32
51
46
51
53
32
35
49
41
32
105
100
10
32
32
32
32
49
55
104
116
103
80
45
48
48
48
52
116
101
45
48
48
59
32
84
104
117
44
32
50
50
32
65
117
103
32
50
48
48
50
32
48
56
58
49
53
58
51
55
32
45
48
55
48
48
10
77
101
115
115
97
103
101
45
73
100
58
32
60
51
68
54
52
70
70
67
52
46
53
48
49
48
57
48
56
64
112
101
114
107
101
108
46
99
111
109
62
10
70
114
111
109
58
32
77
97
114
99
32
80
101
114
107
101
108
32
60
109
97
114
99
64
112
101
114
107
101
108
46
99
111
109
62
10
85
115
101
114
45
65
103
101
110
116
58
32
77
111
122
105
108
108
97
47
53
46
48
32
40
87
105
110
100
111
119
115
59
32
85
59
32
87
105
110
100
111
119
115
32
78
84
32
53
46
49
59
32
101
110
45
85
83
59
32
114
118
58
49
46
49
98
41
10
32
32
32
32
71
101
99
107
111
47
50
48
48
50
48
55
50
49
10
88
45
65
99
99
101
112
116
45
76
97
110
103
117
97
103
101
58
32
101
110
45
117
115
44
32
101
110
10
77
73
77
69
45
86
101
114
115
105
111
110
58
32
49
46
48
10
84
111
58
32
84
104
101
111
32
86
97
110
32
68
105
110
116
101
114
32
60
102
101
108
105
99
105
116
121
64
107
108
117
103
101
46
110
101
116
62
10
67
99
58
32
115
112
97
109
97
115
115
97
115
115
105
110
45
100
101
118
101
108
64
101
120
97
109
112
108
101
46
115
111
117
114
99
101
102
111
114
103
101
46
110
101
116
10
83
117
98
106
101
99
116
58
32
82
101
58
32
91
83
65
100
101
118
93
32
76
105
118
101
32
82
117
108
101
32
85
112
100
97
116
101
115
32
97
102
116
101
114
32
82
101
108
101
97
115
101
32
63
63
63
10
82
101
102
101
114
101
110
99
101
115
58
32
60
51
68
54
52
70
52
69
56
46
55
48
52
48
48
48
48
64
112
101
114
107
101
108
46
99
111
109
62
32
60
50
48
48
50
48
56
50
50
49
53
49
49
51
52
46
71
68
54
51
54
57
64
107
108
117
103
101
46
110
101
116
62
10
67
111
110
116
101
110
116
45
84
121
112
101
58
32
116
101
120
116
47
112
108
97
105
110
59
32
99
104
97
114
115
101
116
61
117
115
45
97
115
99
105
105
59
32
102
111
114
109
97
116
61
102
108
111
119
101
100
10
67
111
110
116
101
110
116
45
84
114
97
110
115
102
101
114
45
69
110
99
111
100
105
110
103
58
32
55
98
105
116
10
83
101
110
100
101
114
58
32
115
112
97
109
97
115
115
97
115
115
105
110
45
100
101
118
101
108
45
97
100
109
105
110
64
101
120
97
109
112
108
101
46
115
111
117
114
99
101
102
111
114
103
101
46
110
101
116
10
69
114
114
111
114
115
45
84
111
58
32
115
112
97
109
97
115
115
97
115
115
105
110
45
100
101
118
101
108
45
97
100
109
105
110
64
101
120
97
109
112
108
101
46
115
111
117
114
99
101
102
111
114
103
101
46
110
101
116
10
88
45
66
101
101
110
116
104
101
114
101
58
32
115
112
97
109
97
115
115
97
115
115
105
110
45
100
101
118
101
108
64
101
120
97
109
112
108
101
46
115
111
117
114
99
101
102
111
114
103
101
46
110
101
116
10
88
45
77
97
105
108
109
97
110
45
86
101
114
115
105
111
110
58
32
50
46
48
46
57
45
115
102
46
110
101
116
10
80
114
101
99
101
100
101
110
99
101
58
32
98
117
108
107
10
76
105
115
116
45
72
101
108
112
58
32
60
109
97
105
108
116
111
58
115
112
97
109
97
115
115
97
115
115
105
110
45
100
101
118
101
108
45
114
101
113
117
101
115
116
64
101
120
97
109
112
108
101
46
115
111
117
114
99
101
102
111
114
103
101
46
110
101
116
63
115
117
98
106
101
99
116
61
104
101
108
112
62
10
76
105
115
116
45
80
111
115
116
58
32
60
109
97
105
108
116
111
58
115
112
97
109
97
115
115
97
115
115
105
110
45
100
101
118
101
108
64
101
120
97
109
112
108
101
46
115
111
117
114
99
101
102
111
114
103
101
46
110
101
116
62
10
76
105
115
116
45
83
117
98
115
99
114
105
98
101
58
32
60
104
116
116
112
115
58
47
47
101
120
97
109
112
108
101
46
115
111
117
114
99
101
102
111
114
103
101
46
110
101
116
47
108
105
115
116
115
47
108
105
115
116
105
110
102
111
47
115
112
97
109
97
115
115
97
115
115
105
110
45
100
101
118
101
108
62
44
10
32
32
32
32
60
109
97
105
108
116
111
58
115
112
97
109
97
115
115
97
115
115
105
110
45
100
101
118
101
108
45
114
101
113
117
101
115
116
64
108
105
115
116
115
46
115
111
117
114
99
101
102
111
114
103
101
46
110
101
116
63
115
117
98
106
101
99
116
61
115
117
98
115
99
114
105
98
101
62
10
76
105
115
116
45
73
100
58
32
83
112
97
109
65
115
115
97
115
115
105
110
32
68
101
118
101
108
111
112
101
114
115
32
60
115
112
97
109
97
115
115
97
115
115
105
110
45
100
101
118
101
108
46
101
120
97
109
112
108
101
46
115
111
117
114
99
101
102
111
114
103
101
46
110
101
116
62
10
76
105
115
116
45
85
110
115
117
98
115
99
114
105
98
101
58
32
60
104
116
116
112
115
58
47
47
101
120
97
109
112
108
101
46
115
111
117
114
99
101
102
111
114
103
101
46
110
101
116
47
108
105
115
116
115
47
108
105
115
116
105
110
102
111
47
115
112
97
109
97
115
115
97
115
115
105
110
45
100
101
118
101
108
62
44
10
32
32
32
32
60
109
97
105
108
116
111
58
115
112
97
109
97
115
115
97
115
115
105
110
45
100
101
118
101
108
45
114
101
113
117
101
115
116
64
108
105
115
116
115
46
115
111
117
114
99
101
102
111
114
103
101
46
110
101
116
63
115
117
98
106
101
99
116
61
117
110
115
117
98
115
99
114
105
98
101
62
10
76
105
115
116
45
65
114
99
104
105
118
101
58
32
60
104
116
116
112
58
47
47
119
119
119
46
103
101
111
99
114
97
119
108
101
114
46
99
111
109
47
114
101
100
105
114
45
115
102
46
112
104
112
51
63
108
105
115
116
61
115
112
97
109
97
115
115
97
115
115
105
110
45
100
101
118
101
108
62
10
88
45
79
114
105
103
105
110
97
108
45
68
97
116
101
58
32
84
104
117
44
32
50
50
32
65
117
103
32
50
48
48
50
32
48
56
58
49
52
58
49
50
32
45
48
55
48
48
10
68
97
116
101
58
32
84
104
117
44
32
50
50
32
65
117
103
32
50
48
48
50
32
48
56
58
49
52
58
49
50
32
45
48
55
48
48
10
10
89
101
115
32
45
32
103
114
101
97
116
32
109
105
110
100
115
32
116
104
105
110
107
32
97
108
105
107
101
46
32
66
117
116
32
101
118
101
110
32
119
105
116
104
112
117
116
32
101
118
97
108
32
114
117
108
101
115
32
105
116
32
119
111
117
108
100
32
98
101
32
118
101
114
121
32
10
117
115
101
102
117
108
46
32
73
116
32
119
111
117
108
100
32
97
108
108
111
119
32
117
115
32
116
111
32
114
101
115
112
111
110
100
32
113
117
105
99
107
108
121
32
116
111
32
115
112
97
109
109
101
114
39
115
32
116
114
105
99
107
115
46
10
10
84
104
101
111
32
86
97
110
32
68
105
110
116
101
114
32
119
114
111
116
101
58
10
62
32
79
110
32
84
104
117
44
32
65
117
103
32
50
50
44
32
50
48
48
50
32
97
116
32
48
55
58
50
55
58
53
50
65
77
32
45
48
55
48
48
44
32
77
97
114
99
32
80
101
114
107
101
108
32
119
114
111
116
101
58
10
62
32
10
62
62
72
97
115
32
97
110
121
111
110
101
32
116
104
111
117
103
104
32
111
102
32
116
104
101
32
105
100
101
97
32
111
102
32
108
105
118
101
32
117
112
100
97
116
101
115
32
111
102
32
114
117
108
101
115
32
97
102
116
101
114
32
114
101
108
101
97
115
101
63
32
84
104
101
32
10
62
62
105
100
101
97
32
98
101
105
110
103
32
116
104
97
116
32
116
104
101
32
117
115
101
114
32
99
97
110
32
114
117
110
32
97
32
99
114
111
110
32
106
111
98
32
111
110
99
101
32
97
32
119
101
101
107
32
111
114
32
115
111
32
97
110
100
32
103
101
116
32
116
104
101
32
10
62
62
110
101
119
32
100
101
102
97
117
108
116
32
114
117
108
101
32
115
101
116
46
32
84
104
105
115
32
119
111
117
108
100
32
97
108
108
111
119
32
117
115
32
116
111
32
114
101
97
99
116
32
102
97
115
116
101
114
32
116
111
58
10
62
32
10
62
32
10
62
32
73
32
115
117
103
103
101
115
116
101
100
32
116
104
105
115
32
97
32
102
101
119
32
109
111
110
116
104
115
32
97
103
111
46
32
32
73
32
100
111
110
39
116
32
114
101
109
101
109
98
101
114
32
116
104
101
32
100
101
116
97
105
108
115
32
111
102
32
119
104
97
116
10
62
32
99
97
109
101
32
111
117
116
32
111
102
32
105
116
32
101
120
99
101
112
116
32
116
104
97
116
32
105
116
32
119
111
117
108
100
32
111
110
108
121
32
98
101
32
117
115
101
102
117
108
32
102
111
114
32
110
111
110
45
101
118
97
108
32
114
117
108
101
115
10
62
32
115
105
110
99
101
32
116
104
111
115
101
32
114
101
113
117
105
114
101
32
99
111
100
101
32
99
104
97
110
103
101
115
46
10
62
32
10
10
10
10
45
45
45
45
45
45
45
45
45
45
45
45
45
45
45
45
45
45
45
45
45
45
45
45
45
45
45
45
45
45
45
45
45
45
45
45
45
45
45
45
45
45
45
45
45
45
45
45
45
45
45
45
45
45
45
10
84
104
105
115
32
115
102
46
110
101
116
32
101
109
97
105
108
32
105
115
32
115
112
111
110
115
111
114
101
100
32
98
121
58
32
79
83
68
78
32
45
32
84
105
114
101
100
32
111
102
32
116
104
97
116
32
115
97
109
101
32
111
108
100
10
99
101
108
108
32
112
104
111
110
101
63
32
32
71
101
116
32
97
32
110
101
119
32
104
101
114
101
32
102
111
114
32
70
82
69
69
33
10
104
116
116
112
115
58
47
47
119
119
119
46
105
110
112
104
111
110
105
99
46
99
111
109
47
114
46
97
115
112
63
114
61
115
111
117
114
99
101
102
111
114
103
101
49
38
114
101
102
99
111
100
101
49
61
118
115
51
51
57
48
10
95
95
95
95
95
95
95
95
95
95
95
95
95
95
95
95
95
95
95
95
95
95
95
95
95
95
95
95
95
95
95
95
95
95
95
95
95
95
95
95
95
95
95
95
95
95
95
10
83
112
97
109
97
115
115
97
115
115
105
110
45
100
101
118
101
108
32
109
97
105
108
105
110
103
32
108
105
115
116
10
83
112
97
109
97
115
115
97
115
115
105
110
45
100
101
118
101
108
64
108
105
115
116
115
46
115
111
117
114
99
101
102
111
114
103
101
46
110
101
116
10
104
116
116
112
115
58
47
47
108
105
115
116
115
46
115
111
117
114
99
101
102
111
114
103
101
46
110
101
116
47
108
105
115
116
115
47
108
105
115
116
105
110
102
111
47
115
112
97
109
97
115
115
97
115
115
105
110
45
100
101
118
101
108
10
10
