70
114
111
109
32
105
108
117
103
45
97
100
109
105
110
64
108
105
110
117
120
46
105
101
32
32
70
114
105
32
65
117
103
32
50
51
32
49
49
58
48
55
58
52
50
32
50
48
48
50
10
82
101
116
117
114
110
45
80
97
116
104
58
32
60
105
108
117
103
45
97
100
109
105
110
64
108
105
110
117
120
46
105
101
62
10
68
101
108
105
118
101
114
101
100
45
84
111
58
32
122
122
122
122
64
108
111
99
97
108
104
111
115
116
46
110
101
116
110
111
116
101
105
110
99
46
99
111
109
10
82
101
99
101
105
118
101
100
58
32
102
114
111
109
32
108
111
99
97
108
104
111
115
116
32
40
108
111
99
97
108
104
111
115
116
32
91
49
50
55
46
48
46
48
46
49
93
41
10
9
98
121
32
112
104
111
98
111
115
46
108
97
98
115
46
110
101
116
110
111
116
101
105
110
99
46
99
111
109
32
40
80
111
115
116
102
105
120
41
32
119
105
116
104
32
69
83
77
84
80
32
105
100
32
55
54
50
51
55
52
52
49
53
67
10
9
102
111
114
32
60
122
122
122
122
64
108
111
99
97
108
104
111
115
116
62
59
32
70
114
105
44
32
50
51
32
65
117
103
32
50
48
48
50
32
48
54
58
48
54
58
51
48
32
45
48
52
48
48
32
40
69
68
84
41
10
82
101
99
101
105
118
101
100
58
32
102
114
111
109
32
112
104
111
98
111
115
32
91
49
50
55
46
48
46
48
46
49
93
10
9
98
121
32
108
111
99
97
108
104
111
115
116
32
119
105
116
104
32
73
77
65
80
32
40
102
101
116
99
104
109
97
105
108
45
53
46
57
46
48
41
10
9
102
111
114
32
122
122
122
122
64
108
111
99
97
108
104
111
115
116
32
40
115
105
110
103
108
101
45
100
114
111
112
41
59
32
70
114
105
44
32
50
51
32
65
117
103
32
50
48
48
50
32
49
49
58
48
54
58
51
48
32
43
48
49
48
48
32
40
73
83
84
41
10
82
101
99
101
105
118
101
100
58
32
102
114
111
109
32
108
117
103
104
46
116
117
97
116
104
97
46
111
114
103
32
40
114
111
111
116
64
108
117
103
104
46
116
117
97
116
104
97
46
111
114
103
32
91
49
57
52
46
49
50
53
46
49
52
53
46
52
53
93
41
32
98
121
10
32
32
32
32
100
111
103
109
97
46
115
108
97
115
104
110
117
108
108
46
111
114
103
32
40
56
46
49
49
46
54
47
56
46
49
49
46
54
41
32
119
105
116
104
32
69
83
77
84
80
32
105
100
32
103
55
77
72
120
117
90
49
56
54
49
57
32
102
111
114
10
32
32
32
32
60
122
122
122
122
45
105
108
117
103
64
115
112
97
109
97
115
115
97
115
115
105
110
46
116
97
105
110
116
46
111
114
103
62
59
32
84
104
117
44
32
50
50
32
65
117
103
32
50
48
48
50
32
49
56
58
53
57
58
53
54
32
43
48
49
48
48
10
82
101
99
101
105
118
101
100
58
32
102
114
111
109
32
108
117
103
104
32
40
114
111
111
116
64
108
111
99
97
108
104
111
115
116
32
91
49
50
55
46
48
46
48
46
49
93
41
32
98
121
32
108
117
103
104
46
116
117
97
116
104
97
46
111
114
103
10
32
32
32
32
40
56
46
57
46
51
47
56
46
57
46
51
41
32
119
105
116
104
32
69
83
77
84
80
32
105
100
32
83
65
65
49
52
56
55
53
59
32
84
104
117
44
32
50
50
32
65
117
103
32
50
48
48
50
32
49
56
58
53
55
58
52
52
32
43
48
49
48
48
10
82
101
99
101
105
118
101
100
58
32
102
114
111
109
32
110
105
45
109
97
105
108
49
46
100
110
97
46
117
116
118
105
110
116
101
114
110
101
116
46
110
101
116
32
40
109
97
105
108
46
100
45
110
45
97
46
110
101
116
32
91
49
57
52
46
52
54
46
56
46
49
49
93
41
10
32
32
32
32
98
121
32
108
117
103
104
46
116
117
97
116
104
97
46
111
114
103
32
40
56
46
57
46
51
47
56
46
57
46
51
41
32
119
105
116
104
32
69
83
77
84
80
32
105
100
32
83
65
65
49
52
56
52
52
32
102
111
114
10
32
32
32
32
60
105
108
117
103
64
108
105
110
117
120
46
105
101
62
59
32
84
104
117
44
32
50
50
32
65
117
103
32
50
48
48
50
32
49
56
58
53
55
58
51
54
32
43
48
49
48
48
10
88
45
65
117
116
104
101
110
116
105
99
97
116
105
111
110
45
87
97
114
110
105
110
103
58
32
108
117
103
104
46
116
117
97
116
104
97
46
111
114
103
58
32
72
111
115
116
32
109
97
105
108
46
100
45
110
45
97
46
110
101
116
10
32
32
32
32
91
49
57
52
46
52
54
46
56
46
49
49
93
32
99
108
97
105
109
101
100
32
116
111
32
98
101
32
110
105
45
109
97
105
108
49
46
100
110
97
46
117
116
118
105
110
116
101
114
110
101
116
46
110
101
116
10
82
101
99
101
105
118
101
100
58
32
102
114
111
109
32
109
97
105
108
46
100
110
101
116
46
99
111
46
117
107
32
40
117
110
118
101
114
105
102
105
101
100
32
91
49
57
52
46
52
54
46
56
46
54
49
93
41
32
98
121
10
32
32
32
32
110
105
45
109
97
105
108
49
46
100
110
97
46
117
116
118
105
110
116
101
114
110
101
116
46
110
101
116
32
40
86
105
114
99
111
109
32
83
77
84
80
82
83
32
49
46
52
46
50
51
50
41
32
119
105
116
104
32
83
77
84
80
32
105
100
10
32
32
32
32
60
66
48
48
48
50
51
53
54
48
49
57
64
110
105
45
109
97
105
108
49
46
100
110
97
46
117
116
118
105
110
116
101
114
110
101
116
46
110
101
116
62
59
32
84
104
117
44
32
50
50
32
65
117
103
32
50
48
48
50
32
49
56
58
53
53
58
49
57
10
32
32
32
32
43
48
49
48
48
10
70
114
111
109
58
32
34
80
101
116
101
114
32
83
116
97
117
110
116
111
110
34
32
60
112
101
116
101
114
64
115
116
97
117
110
116
111
110
46
105
101
62
10
82
101
112
108
121
45
84
111
58
32
112
101
116
101
114
64
115
116
97
117
110
116
111
110
46
105
101
10
84
111
58
32
105
108
117
103
64
108
105
110
117
120
46
105
101
10
68
97
116
101
58
32
84
104
117
44
32
50
50
32
65
117
103
32
50
48
48
50
32
49
56
58
53
55
58
51
53
32
71
77
84
10
88
45
77
97
105
108
101
114
58
32
68
77
97
105
108
87
101
98
32
87
101
98
32
116
111
32
77
97
105
108
32
71
97
116
101
119
97
121
32
49
46
56
115
44
32
104
116
116
112
58
47
47
110
101
116
119
105
110
115
105
116
101
46
99
111
109
47
116
111
112
95
109
97
105
108
46
104
116
109
10
77
101
115
115
97
103
101
45
73
100
58
32
60
51
100
54
53
50
54
48
102
46
57
52
56
46
48
64
109
97
105
108
46
100
110
101
116
46
99
111
46
117
107
62
10
88
45
85
115
101
114
45
73
110
102
111
58
32
49
53
57
46
49
51
52
46
50
50
54
46
49
54
56
10
83
117
98
106
101
99
116
58
32
91
73
76
85
71
93
32
78
101
119
98
105
101
32
115
101
101
107
115
32
97
100
118
105
99
101
32
45
32
83
117
115
101
32
55
46
50
10
83
101
110
100
101
114
58
32
105
108
117
103
45
97
100
109
105
110
64
108
105
110
117
120
46
105
101
10
69
114
114
111
114
115
45
84
111
58
32
105
108
117
103
45
97
100
109
105
110
64
108
105
110
117
120
46
105
101
10
88
45
77
97
105
108
109
97
110
45
86
101
114
115
105
111
110
58
32
49
46
49
10
80
114
101
99
101
100
101
110
99
101
58
32
98
117
108
107
10
76
105
115
116
45
73
100
58
32
73
114
105
115
104
32
76
105
110
117
120
32
85
115
101
114
115
39
32
71
114
111
117
112
32
60
105
108
117
103
46
108
105
110
117
120
46
105
101
62
10
88
45
66
101
101
110
116
104
101
114
101
58
32
105
108
117
103
64
108
105
110
117
120
46
105
101
10
10
70
111
108
107
115
44
10
32
10
109
121
32
102
105
114
115
116
32
116
105
109
101
32
112
111
115
116
105
110
103
32
45
32
104
97
118
101
32
97
32
98
105
116
32
111
102
32
85
110
105
120
32
101
120
112
101
114
105
101
110
99
101
44
32
98
117
116
32
97
109
32
110
101
119
32
116
111
32
76
105
110
117
120
46
10
10
32
10
74
117
115
116
32
103
111
116
32
97
32
110
101
119
32
80
67
32
97
116
32
104
111
109
101
32
45
32
68
101
108
108
32
98
111
120
32
119
105
116
104
32
87
105
110
100
111
119
115
32
88
80
46
32
65
100
100
101
100
32
97
32
115
101
99
111
110
100
32
104
97
114
100
32
100
105
115
107
10
102
111
114
32
76
105
110
117
120
46
32
80
97
114
116
105
116
105
111
110
101
100
32
116
104
101
32
100
105
115
107
32
97
110
100
32
104
97
118
101
32
105
110
115
116
97
108
108
101
100
32
83
117
115
101
32
55
46
50
32
102
114
111
109
32
67
68
44
32
119
104
105
99
104
32
119
101
110
116
10
102
105
110
101
32
101
120
99
101
112
116
32
105
116
32
100
105
100
110
39
116
32
112
105
99
107
32
117
112
32
109
121
32
109
111
110
105
116
111
114
46
10
32
10
73
32
104
97
118
101
32
97
32
68
101
108
108
32
98
114
97
110
100
101
100
32
69
49
53
49
70
80
112
32
49
53
34
32
76
67
68
32
102
108
97
116
32
112
97
110
101
108
32
109
111
110
105
116
111
114
32
97
110
100
32
97
32
110
86
105
100
105
97
32
71
101
70
111
114
99
101
52
10
84
105
52
50
48
48
32
118
105
100
101
111
32
99
97
114
100
44
32
98
111
116
104
32
111
102
32
119
104
105
99
104
32
97
114
101
32
112
114
111
98
97
98
108
121
32
116
111
111
32
110
101
119
32
116
111
32
102
101
97
116
117
114
101
32
105
110
32
83
117
115
101
39
115
32
100
101
102
97
117
108
116
10
115
101
116
46
32
73
32
100
111
119
110
108
111
97
100
101
100
32
97
32
100
114
105
118
101
114
32
102
114
111
109
32
116
104
101
32
110
86
105
100
105
97
32
119
101
98
115
105
116
101
32
97
110
100
32
105
110
115
116
97
108
108
101
100
32
105
116
32
117
115
105
110
103
32
82
80
77
46
10
84
104
101
110
32
73
32
114
97
110
32
83
97
120
50
32
40
97
115
32
119
97
115
32
114
101
99
111
109
109
101
110
100
101
100
32
105
110
32
115
111
109
101
32
112
111
115
116
105
110
103
115
32
73
32
102
111
117
110
100
32
111
110
32
116
104
101
32
110
101
116
41
44
32
98
117
116
10
105
116
32
115
116
105
108
108
32
100
111
101
115
110
39
116
32
102
101
97
116
117
114
101
32
109
121
32
118
105
100
101
111
32
99
97
114
100
32
105
110
32
116
104
101
32
97
118
97
105
108
97
98
108
101
32
108
105
115
116
46
32
87
104
97
116
32
110
101
120
116
63
10
32
10
65
110
111
116
104
101
114
32
112
114
111
98
108
101
109
46
32
73
32
104
97
118
101
32
97
32
68
101
108
108
32
98
114
97
110
100
101
100
32
107
101
121
98
111
97
114
100
32
97
110
100
32
105
102
32
73
32
104
105
116
32
67
97
112
115
45
76
111
99
107
32
116
119
105
99
101
44
10
116
104
101
32
119
104
111
108
101
32
109
97
99
104
105
110
101
32
99
114
97
115
104
101
115
32
40
105
110
32
76
105
110
117
120
44
32
110
111
116
32
87
105
110
100
111
119
115
41
32
45
32
101
118
101
110
32
116
104
101
32
111
110
47
111
102
102
32
115
119
105
116
99
104
32
105
115
10
105
110
97
99
116
105
118
101
44
32
108
101
97
118
105
110
103
32
109
101
32
116
111
32
114
101
97
99
104
32
102
111
114
32
116
104
101
32
112
111
119
101
114
32
99
97
98
108
101
32
105
110
115
116
101
97
100
46
10
32
10
73
102
32
97
110
121
111
110
101
32
99
97
110
32
104
101
108
112
32
109
101
32
105
110
32
97
110
121
32
119
97
121
32
119
105
116
104
32
116
104
101
115
101
32
112
114
111
98
115
46
44
32
73
39
100
32
98
101
32
114
101
97
108
108
121
32
103
114
97
116
101
102
117
108
32
45
10
73
39
118
101
32
115
101
97
114
99
104
101
100
32
116
104
101
32
39
110
101
116
32
98
117
116
32
104
97
118
101
32
114
117
110
32
111
117
116
32
111
102
32
105
100
101
97
115
46
10
32
10
79
114
32
115
104
111
117
108
100
32
73
32
98
101
32
103
111
105
110
103
32
102
111
114
32
97
32
100
105
102
102
101
114
101
110
116
32
118
101
114
115
105
111
110
32
111
102
32
76
105
110
117
120
32
115
117
99
104
32
97
115
32
82
101
100
72
97
116
63
32
79
112
105
110
105
111
110
115
10
119
101
108
99
111
109
101
46
10
32
10
84
104
97
110
107
115
32
97
32
108
111
116
44
10
80
101
116
101
114
10
10
45
45
32
10
73
114
105
115
104
32
76
105
110
117
120
32
85
115
101
114
115
39
32
71
114
111
117
112
58
32
105
108
117
103
64
108
105
110
117
120
46
105
101
10
104
116
116
112
58
47
47
119
119
119
46
108
105
110
117
120
46
105
101
47
109
97
105
108
109
97
110
47
108
105
115
116
105
110
102
111
47
105
108
117
103
32
102
111
114
32
40
117
110
41
115
117
98
115
99
114
105
112
116
105
111
110
32
105
110
102
111
114
109
97
116
105
111
110
46
10
76
105
115
116
32
109
97
105
110
116
97
105
110
101
114
58
32
108
105
115
116
109
97
115
116
101
114
64
108
105
110
117
120
46
105
101
10
10
