70
114
111
109
32
105
114
114
101
103
117
108
97
114
115
45
97
100
109
105
110
64
116
98
46
116
102
32
32
84
104
117
32
65
117
103
32
50
50
32
49
52
58
50
51
58
51
57
32
50
48
48
50
10
82
101
116
117
114
110
45
80
97
116
104
58
32
60
105
114
114
101
103
117
108
97
114
115
45
97
100
109
105
110
64
116
98
46
116
102
62
10
68
101
108
105
118
101
114
101
100
45
84
111
58
32
122
122
122
122
64
108
111
99
97
108
104
111
115
116
46
110
101
116
110
111
116
101
105
110
99
46
99
111
109
10
82
101
99
101
105
118
101
100
58
32
102
114
111
109
32
108
111
99
97
108
104
111
115
116
32
40
108
111
99
97
108
104
111
115
116
32
91
49
50
55
46
48
46
48
46
49
93
41
10
9
98
121
32
112
104
111
98
111
115
46
108
97
98
115
46
110
101
116
110
111
116
101
105
110
99
46
99
111
109
32
40
80
111
115
116
102
105
120
41
32
119
105
116
104
32
69
83
77
84
80
32
105
100
32
57
68
65
69
49
52
55
67
54
54
10
9
102
111
114
32
60
122
122
122
122
64
108
111
99
97
108
104
111
115
116
62
59
32
84
104
117
44
32
50
50
32
65
117
103
32
50
48
48
50
32
48
57
58
50
51
58
51
56
32
45
48
52
48
48
32
40
69
68
84
41
10
82
101
99
101
105
118
101
100
58
32
102
114
111
109
32
112
104
111
98
111
115
32
91
49
50
55
46
48
46
48
46
49
93
10
9
98
121
32
108
111
99
97
108
104
111
115
116
32
119
105
116
104
32
73
77
65
80
32
40
102
101
116
99
104
109
97
105
108
45
53
46
57
46
48
41
10
9
102
111
114
32
122
122
122
122
64
108
111
99
97
108
104
111
115
116
32
40
115
105
110
103
108
101
45
100
114
111
112
41
59
32
84
104
117
44
32
50
50
32
65
117
103
32
50
48
48
50
32
49
52
58
50
51
58
51
56
32
43
48
49
48
48
32
40
73
83
84
41
10
82
101
99
101
105
118
101
100
58
32
102
114
111
109
32
119
101
98
46
116
98
46
116
102
32
40
114
111
117
116
101
45
54
52
45
49
51
49
45
49
50
54
45
51
54
46
116
101
108
111
99
105
116
121
46
99
111
109
10
32
32
32
32
91
54
52
46
49
51
49
46
49
50
54
46
51
54
93
41
32
98
121
32
100
111
103
109
97
46
115
108
97
115
104
110
117
108
108
46
111
114
103
32
40
56
46
49
49
46
54
47
56
46
49
49
46
54
41
32
119
105
116
104
32
69
83
77
84
80
32
105
100
10
32
32
32
32
103
55
77
68
71
79
90
48
55
57
50
50
32
102
111
114
32
60
122
122
122
122
45
105
114
114
64
115
112
97
109
97
115
115
97
115
115
105
110
46
116
97
105
110
116
46
111
114
103
62
59
32
84
104
117
44
32
50
50
32
65
117
103
32
50
48
48
50
32
49
52
58
49
54
58
50
52
32
43
48
49
48
48
10
82
101
99
101
105
118
101
100
58
32
102
114
111
109
32
119
101
98
46
116
98
46
116
102
32
40
108
111
99
97
108
104
111
115
116
46
108
111
99
97
108
100
111
109
97
105
110
32
91
49
50
55
46
48
46
48
46
49
93
41
32
98
121
32
119
101
98
46
116
98
46
116
102
10
32
32
32
32
40
56
46
49
49
46
54
47
56
46
49
49
46
54
41
32
119
105
116
104
32
69
83
77
84
80
32
105
100
32
103
55
77
68
80
57
73
49
54
52
49
56
59
32
84
104
117
44
32
50
50
32
65
117
103
32
50
48
48
50
32
48
57
58
50
53
58
48
57
10
32
32
32
32
45
48
52
48
48
10
82
101
99
101
105
118
101
100
58
32
102
114
111
109
32
114
101
100
46
104
97
114
118
101
101
46
104
111
109
101
32
40
114
101
100
32
91
49
57
50
46
49
54
56
46
50
53
46
49
93
32
40
109
97
121
32
98
101
32
102
111
114
103
101
100
41
41
32
98
121
10
32
32
32
32
119
101
98
46
116
98
46
116
102
32
40
56
46
49
49
46
54
47
56
46
49
49
46
54
41
32
119
105
116
104
32
69
83
77
84
80
32
105
100
32
103
55
77
68
79
52
73
49
54
52
48
56
32
102
111
114
10
32
32
32
32
60
105
114
114
101
103
117
108
97
114
115
64
116
98
46
116
102
62
59
32
84
104
117
44
32
50
50
32
65
117
103
32
50
48
48
50
32
48
57
58
50
52
58
48
52
32
45
48
52
48
48
10
82
101
99
101
105
118
101
100
58
32
102
114
111
109
32
112
114
115
101
114
118
46
110
101
116
32
40
111
117
116
52
46
112
114
115
101
114
118
46
110
101
116
32
91
51
50
46
57
55
46
49
54
54
46
51
52
93
41
32
98
121
10
32
32
32
32
114
101
100
46
104
97
114
118
101
101
46
104
111
109
101
32
40
56
46
49
49
46
54
47
56
46
49
49
46
54
41
32
119
105
116
104
32
69
83
77
84
80
32
105
100
32
103
55
77
68
70
66
68
50
57
50
51
55
32
102
111
114
10
32
32
32
32
60
105
114
114
101
103
117
108
97
114
115
64
116
98
46
116
102
62
59
32
84
104
117
44
32
50
50
32
65
117
103
32
50
48
48
50
32
48
57
58
49
53
58
49
50
32
45
48
52
48
48
10
82
101
99
101
105
118
101
100
58
32
102
114
111
109
32
91
50
48
57
46
50
48
50
46
50
52
56
46
49
48
57
93
10
32
32
32
32
40
115
108
105
112
45
51
50
45
49
48
51
45
50
52
57
45
49
48
46
109
97
46
117
115
46
112
114
115
101
114
118
46
110
101
116
91
51
50
46
49
48
51
46
50
52
57
46
49
48
93
41
32
98
121
32
112
114
115
101
114
118
46
110
101
116
32
40
111
117
116
52
41
10
32
32
32
32
119
105
116
104
32
69
83
77
84
80
32
105
100
32
60
50
48
48
50
48
56
50
50
49
51
49
53
48
50
50
48
52
48
53
113
117
56
106
99
101
62
59
32
84
104
117
44
32
50
50
32
65
117
103
32
50
48
48
50
32
49
51
58
49
53
58
48
55
32
43
48
48
48
48
10
77
73
77
69
45
86
101
114
115
105
111
110
58
32
49
46
48
10
88
45
83
101
110
100
101
114
58
32
64
32
40
85
110
118
101
114
105
102
105
101
100
41
10
77
101
115
115
97
103
101
45
73
100
58
32
60
112
48
52
51
51
48
49
51
55
98
57
56
97
57
52
49
99
53
56
97
56
64
91
50
48
57
46
50
48
50
46
50
52
56
46
49
48
57
93
62
10
84
111
58
32
117
110
100
105
115
99
108
111
115
101
100
45
114
101
99
105
112
105
101
110
116
58
32
59
10
70
114
111
109
58
32
77
111
110
116
121
32
83
111
108
111
109
111
110
32
60
109
111
110
116
121
64
114
111
115
99
111
109
46
99
111
109
62
10
67
111
110
116
101
110
116
45
84
121
112
101
58
32
116
101
120
116
47
112
108
97
105
110
59
32
99
104
97
114
115
101
116
61
34
117
115
45
97
115
99
105
105
34
10
83
117
98
106
101
99
116
58
32
91
73
82
82
93
32
75
108
101
122
58
32
84
104
101
32
86
105
114
117
115
32
84
104
97
116
32
32
87
111
110
39
116
32
68
105
101
10
83
101
110
100
101
114
58
32
105
114
114
101
103
117
108
97
114
115
45
97
100
109
105
110
64
116
98
46
116
102
10
69
114
114
111
114
115
45
84
111
58
32
105
114
114
101
103
117
108
97
114
115
45
97
100
109
105
110
64
116
98
46
116
102
10
88
45
66
101
101
110
116
104
101
114
101
58
32
105
114
114
101
103
117
108
97
114
115
64
116
98
46
116
102
10
88
45
77
97
105
108
109
97
110
45
86
101
114
115
105
111
110
58
32
50
46
48
46
54
10
80
114
101
99
101
100
101
110
99
101
58
32
98
117
108
107
10
76
105
115
116
45
72
101
108
112
58
32
60
109
97
105
108
116
111
58
105
114
114
101
103
117
108
97
114
115
45
114
101
113
117
101
115
116
64
116
98
46
116
102
63
115
117
98
106
101
99
116
61
104
101
108
112
62
10
76
105
115
116
45
80
111
115
116
58
32
60
109
97
105
108
116
111
58
105
114
114
101
103
117
108
97
114
115
64
116
98
46
116
102
62
10
76
105
115
116
45
83
117
98
115
99
114
105
98
101
58
32
60
104
116
116
112
58
47
47
116
98
46
116
102
47
109
97
105
108
109
97
110
47
108
105
115
116
105
110
102
111
47
105
114
114
101
103
117
108
97
114
115
62
44
10
32
32
32
32
60
109
97
105
108
116
111
58
105
114
114
101
103
117
108
97
114
115
45
114
101
113
117
101
115
116
64
116
98
46
116
102
63
115
117
98
106
101
99
116
61
115
117
98
115
99
114
105
98
101
62
10
76
105
115
116
45
73
100
58
32
78
101
119
32
104
111
109
101
32
111
102
32
116
104
101
32
84
66
84
70
32
73
114
114
101
103
117
108
97
114
115
32
109
97
105
108
105
110
103
32
108
105
115
116
32
60
105
114
114
101
103
117
108
97
114
115
46
116
98
46
116
102
62
10
76
105
115
116
45
85
110
115
117
98
115
99
114
105
98
101
58
32
60
104
116
116
112
58
47
47
116
98
46
116
102
47
109
97
105
108
109
97
110
47
108
105
115
116
105
110
102
111
47
105
114
114
101
103
117
108
97
114
115
62
44
10
32
32
32
32
60
109
97
105
108
116
111
58
105
114
114
101
103
117
108
97
114
115
45
114
101
113
117
101
115
116
64
116
98
46
116
102
63
115
117
98
106
101
99
116
61
117
110
115
117
98
115
99
114
105
98
101
62
10
76
105
115
116
45
65
114
99
104
105
118
101
58
32
60
104
116
116
112
58
47
47
116
98
46
116
102
47
109
97
105
108
109
97
110
47
112
114
105
118
97
116
101
47
105
114
114
101
103
117
108
97
114
115
47
62
10
68
97
116
101
58
32
84
104
117
44
32
50
50
32
65
117
103
32
50
48
48
50
32
48
57
58
49
53
58
50
53
32
45
48
52
48
48
10
10
75
108
101
122
58
32
84
104
101
32
86
105
114
117
115
32
84
104
97
116
32
87
111
110
39
116
32
68
105
101
10
32
10
65
108
114
101
97
100
121
32
116
104
101
32
109
111
115
116
32
112
114
111
108
105
102
105
99
32
118
105
114
117
115
32
101
118
101
114
44
32
75
108
101
122
32
99
111
110
116
105
110
117
101
115
32
116
111
32
119
114
101
97
107
32
104
97
118
111
99
46
10
10
65
110
100
114
101
119
32
66
114
97
110
100
116
10
62
62
70
114
111
109
32
116
104
101
32
83
101
112
116
101
109
98
101
114
32
50
48
48
50
32
105
115
115
117
101
32
111
102
32
80
67
32
87
111
114
108
100
32
109
97
103
97
122
105
110
101
10
80
111
115
116
101
100
32
84
104
117
114
115
100
97
121
44
32
65
117
103
117
115
116
32
48
49
44
32
50
48
48
50
10
10
10
84
104
101
32
75
108
101
122
32
119
111
114
109
32
105
115
32
97
112
112
114
111
97
99
104
105
110
103
32
105
116
115
32
115
101
118
101
110
116
104
32
109
111
110
116
104
32
111
102
32
119
114
105
103
103
108
105
110
103
32
97
99
114
111
115
115
32
10
116
104
101
32
87
101
98
44
32
109
97
107
105
110
103
32
105
116
32
111
110
101
32
111
102
32
116
104
101
32
109
111
115
116
32
112
101
114
115
105
115
116
101
110
116
32
118
105
114
117
115
101
115
32
101
118
101
114
46
32
65
110
100
32
10
101
120
112
101
114
116
115
32
119
97
114
110
32
116
104
97
116
32
105
116
32
109
97
121
32
98
101
32
97
32
104
97
114
98
105
110
103
101
114
32
111
102
32
110
101
119
32
118
105
114
117
115
101
115
32
116
104
97
116
32
117
115
101
32
97
32
10
99
111
109
98
105
110
97
116
105
111
110
32
111
102
32
112
101
114
110
105
99
105
111
117
115
32
97
112
112
114
111
97
99
104
101
115
32
116
111
32
103
111
32
102
114
111
109
32
80
67
32
116
111
32
80
67
46
10
10
65
110
116
105
118
105
114
117
115
32
115
111
102
116
119
97
114
101
32
109
97
107
101
114
115
32
83
121
109
97
110
116
101
99
32
97
110
100
32
77
99
65
102
101
101
32
98
111
116
104
32
114
101
112
111
114
116
32
109
111
114
101
32
116
104
97
110
32
10
50
48
48
48
32
110
101
119
32
105
110
102
101
99
116
105
111
110
115
32
100
97
105
108
121
44
32
119
105
116
104
32
110
111
32
115
105
103
110
32
111
102
32
108
101
116
117
112
32
97
116
32
112
114
101
115
115
32
116
105
109
101
46
32
84
104
101
32
10
66
114
105
116
105
115
104
32
115
101
99
117
114
105
116
121
32
102
105
114
109
32
77
101
115
115
97
103
101
76
97
98
115
32
101
115
116
105
109
97
116
101
115
32
116
104
97
116
32
49
32
105
110
32
101
118
101
114
121
32
51
48
48
32
10
101
45
109
97
105
108
32
109
101
115
115
97
103
101
115
32
104
111
108
100
115
32
97
32
118
97
114
105
97
116
105
111
110
32
111
102
32
116
104
101
32
75
108
101
122
32
118
105
114
117
115
44
32
97
110
100
32
115
97
121
115
32
116
104
97
116
32
10
75
108
101
122
32
104
97
115
32
97
108
114
101
97
100
121
32
115
117
114
112
97
115
115
101
100
32
108
97
115
116
32
115
117
109
109
101
114
39
115
32
83
105
114
67
97
109
32
97
115
32
116
104
101
32
109
111
115
116
32
112
114
111
108
105
102
105
99
32
10
118
105
114
117
115
32
101
118
101
114
46
10
10
65
110
100
32
115
111
109
101
32
110
101
119
101
114
32
75
108
101
122
32
118
97
114
105
97
110
116
115
32
97
114
101
110
39
116
32
109
101
114
101
108
121
32
110
117
105
115
97
110
99
101
115
45
45
116
104
101
121
32
99
97
110
32
99
97
114
114
121
32
10
111
116
104
101
114
32
118
105
114
117
115
101
115
32
105
110
32
116
104
101
109
32
116
104
97
116
32
99
111
114
114
117
112
116
32
121
111
117
114
32
100
97
116
97
46
10
10
46
46
46
10
10
104
116
116
112
58
47
47
119
119
119
46
112
99
119
111
114
108
100
46
99
111
109
47
110
101
119
115
47
97
114
116
105
99
108
101
47
48
44
97
105
100
44
49
48
51
50
53
57
44
48
48
46
97
115
112
10
95
95
95
95
95
95
95
95
95
95
95
95
95
95
95
95
95
95
95
95
95
95
95
95
95
95
95
95
95
95
95
95
95
95
95
95
95
95
95
95
95
95
95
95
95
95
95
10
73
114
114
101
103
117
108
97
114
115
32
109
97
105
108
105
110
103
32
108
105
115
116
10
73
114
114
101
103
117
108
97
114
115
64
116
98
46
116
102
10
104
116
116
112
58
47
47
116
98
46
116
102
47
109
97
105
108
109
97
110
47
108
105
115
116
105
110
102
111
47
105
114
114
101
103
117
108
97
114
115
10
10
