70
114
111
109
32
105
105
117
45
97
100
109
105
110
64
116
97
105
110
116
46
111
114
103
32
32
84
104
117
32
65
117
103
32
50
50
32
49
55
58
48
56
58
52
52
32
50
48
48
50
10
82
101
116
117
114
110
45
80
97
116
104
58
32
60
105
105
117
45
97
100
109
105
110
64
116
97
105
110
116
46
111
114
103
62
10
68
101
108
105
118
101
114
101
100
45
84
111
58
32
122
122
122
122
64
108
111
99
97
108
104
111
115
116
46
110
101
116
110
111
116
101
105
110
99
46
99
111
109
10
82
101
99
101
105
118
101
100
58
32
102
114
111
109
32
108
111
99
97
108
104
111
115
116
32
40
108
111
99
97
108
104
111
115
116
32
91
49
50
55
46
48
46
48
46
49
93
41
10
9
98
121
32
112
104
111
98
111
115
46
108
97
98
115
46
110
101
116
110
111
116
101
105
110
99
46
99
111
109
32
40
80
111
115
116
102
105
120
41
32
119
105
116
104
32
69
83
77
84
80
32
105
100
32
66
57
56
57
55
52
51
70
57
66
10
9
102
111
114
32
60
122
122
122
122
64
108
111
99
97
108
104
111
115
116
62
59
32
84
104
117
44
32
50
50
32
65
117
103
32
50
48
48
50
32
49
50
58
48
56
58
52
51
32
45
48
52
48
48
32
40
69
68
84
41
10
82
101
99
101
105
118
101
100
58
32
102
114
111
109
32
112
104
111
98
111
115
32
91
49
50
55
46
48
46
48
46
49
93
10
9
98
121
32
108
111
99
97
108
104
111
115
116
32
119
105
116
104
32
73
77
65
80
32
40
102
101
116
99
104
109
97
105
108
45
53
46
57
46
48
41
10
9
102
111
114
32
122
122
122
122
64
108
111
99
97
108
104
111
115
116
32
40
115
105
110
103
108
101
45
100
114
111
112
41
59
32
84
104
117
44
32
50
50
32
65
117
103
32
50
48
48
50
32
49
55
58
48
56
58
52
51
32
43
48
49
48
48
32
40
73
83
84
41
10
82
101
99
101
105
118
101
100
58
32
102
114
111
109
32
100
111
103
109
97
46
115
108
97
115
104
110
117
108
108
46
111
114
103
32
40
108
111
99
97
108
104
111
115
116
32
91
49
50
55
46
48
46
48
46
49
93
41
32
98
121
10
32
32
32
32
100
111
103
109
97
46
115
108
97
115
104
110
117
108
108
46
111
114
103
32
40
56
46
49
49
46
54
47
56
46
49
49
46
54
41
32
119
105
116
104
32
69
83
77
84
80
32
105
100
32
103
55
77
71
48
77
90
49
51
51
54
57
59
10
32
32
32
32
84
104
117
44
32
50
50
32
65
117
103
32
50
48
48
50
32
49
55
58
48
48
58
50
50
32
43
48
49
48
48
10
82
101
99
101
105
118
101
100
58
32
102
114
111
109
32
104
97
119
107
46
100
99
117
46
105
101
32
40
109
97
105
108
46
100
99
117
46
105
101
32
91
49
51
54
46
50
48
54
46
49
46
53
93
41
32
98
121
10
32
32
32
32
100
111
103
109
97
46
115
108
97
115
104
110
117
108
108
46
111
114
103
32
40
56
46
49
49
46
54
47
56
46
49
49
46
54
41
32
119
105
116
104
32
69
83
77
84
80
32
105
100
32
103
55
77
70
120
66
90
49
51
50
56
53
32
102
111
114
10
32
32
32
32
60
105
105
117
64
116
97
105
110
116
46
111
114
103
62
59
32
84
104
117
44
32
50
50
32
65
117
103
32
50
48
48
50
32
49
54
58
53
57
58
49
49
32
43
48
49
48
48
10
82
101
99
101
105
118
101
100
58
32
102
114
111
109
32
100
99
117
46
105
101
32
40
49
51
54
46
50
48
54
46
50
49
46
49
49
53
41
32
98
121
32
104
97
119
107
46
100
99
117
46
105
101
32
40
54
46
48
46
48
52
48
41
32
105
100
10
32
32
32
32
51
68
54
50
48
51
68
51
48
48
48
49
51
54
65
68
32
102
111
114
32
105
105
117
64
116
97
105
110
116
46
111
114
103
59
32
84
104
117
44
32
50
50
32
65
117
103
32
50
48
48
50
32
49
54
58
53
57
58
49
55
32
43
48
49
48
48
10
77
101
115
115
97
103
101
45
73
100
58
32
60
51
68
54
53
48
65
50
68
46
49
48
48
48
51
48
49
64
100
99
117
46
105
101
62
10
70
114
111
109
58
32
66
101
114
110
97
114
100
32
77
105
99
104
97
101
108
32
84
121
101
114
115
32
60
98
101
114
110
97
114
100
46
116
121
101
114
115
64
100
99
117
46
105
101
62
10
85
115
101
114
45
65
103
101
110
116
58
32
77
111
122
105
108
108
97
47
53
46
48
32
40
87
105
110
100
111
119
115
59
32
85
59
32
87
105
110
100
111
119
115
32
78
84
32
53
46
48
59
32
101
110
45
85
83
59
32
114
118
58
49
46
48
46
48
41
10
32
32
32
32
71
101
99
107
111
47
50
48
48
50
48
53
51
48
10
88
45
65
99
99
101
112
116
45
76
97
110
103
117
97
103
101
58
32
103
97
44
32
101
110
45
105
101
44
32
101
117
44
32
101
110
45
117
115
44
32
100
101
45
97
116
44
32
97
115
10
77
73
77
69
45
86
101
114
115
105
111
110
58
32
49
46
48
10
84
111
58
32
105
105
117
32
60
105
105
117
64
116
97
105
110
116
46
111
114
103
62
10
67
111
110
116
101
110
116
45
84
121
112
101
58
32
116
101
120
116
47
112
108
97
105
110
59
32
99
104
97
114
115
101
116
61
117
115
45
97
115
99
105
105
59
32
102
111
114
109
97
116
61
102
108
111
119
101
100
10
67
111
110
116
101
110
116
45
84
114
97
110
115
102
101
114
45
69
110
99
111
100
105
110
103
58
32
55
98
105
116
10
83
117
98
106
101
99
116
58
32
91
73
73
85
93
32
69
105
114
99
111
109
32
97
68
83
76
32
78
97
116
39
105
110
103
10
83
101
110
100
101
114
58
32
105
105
117
45
97
100
109
105
110
64
116
97
105
110
116
46
111
114
103
10
69
114
114
111
114
115
45
84
111
58
32
105
105
117
45
97
100
109
105
110
64
116
97
105
110
116
46
111
114
103
10
88
45
66
101
101
110
116
104
101
114
101
58
32
105
105
117
64
105
105
117
46
116
97
105
110
116
46
111
114
103
10
88
45
77
97
105
108
109
97
110
45
86
101
114
115
105
111
110
58
32
50
46
48
46
49
48
10
80
114
101
99
101
100
101
110
99
101
58
32
98
117
108
107
10
82
101
112
108
121
45
84
111
58
32
105
105
117
64
116
97
105
110
116
46
111
114
103
10
76
105
115
116
45
85
110
115
117
98
115
99
114
105
98
101
58
32
60
104
116
116
112
58
47
47
105
105
117
46
116
97
105
110
116
46
111
114
103
47
109
97
105
108
109
97
110
47
108
105
115
116
105
110
102
111
47
105
105
117
62
44
10
32
32
32
32
60
109
97
105
108
116
111
58
105
105
117
45
114
101
113
117
101
115
116
64
105
105
117
46
116
97
105
110
116
46
111
114
103
63
115
117
98
106
101
99
116
61
117
110
115
117
98
115
99
114
105
98
101
62
10
76
105
115
116
45
73
100
58
32
73
114
105
115
104
32
73
110
116
101
114
110
101
116
32
85
115
101
114
115
32
60
105
105
117
46
105
105
117
46
116
97
105
110
116
46
111
114
103
62
10
76
105
115
116
45
80
111
115
116
58
32
60
109
97
105
108
116
111
58
105
105
117
64
105
105
117
46
116
97
105
110
116
46
111
114
103
62
10
76
105
115
116
45
72
101
108
112
58
32
60
109
97
105
108
116
111
58
105
105
117
45
114
101
113
117
101
115
116
64
105
105
117
46
116
97
105
110
116
46
111
114
103
63
115
117
98
106
101
99
116
61
104
101
108
112
62
10
76
105
115
116
45
83
117
98
115
99
114
105
98
101
58
32
60
104
116
116
112
58
47
47
105
105
117
46
116
97
105
110
116
46
111
114
103
47
109
97
105
108
109
97
110
47
108
105
115
116
105
110
102
111
47
105
105
117
62
44
10
32
32
32
32
60
109
97
105
108
116
111
58
105
105
117
45
114
101
113
117
101
115
116
64
105
105
117
46
116
97
105
110
116
46
111
114
103
63
115
117
98
106
101
99
116
61
115
117
98
115
99
114
105
98
101
62
10
76
105
115
116
45
65
114
99
104
105
118
101
58
32
60
104
116
116
112
58
47
47
105
105
117
46
116
97
105
110
116
46
111
114
103
47
112
105
112
101
114
109
97
105
108
47
105
105
117
47
62
10
68
97
116
101
58
32
84
104
117
44
32
50
50
32
65
117
103
32
50
48
48
50
32
49
54
58
53
56
58
51
55
32
43
48
49
48
48
10
10
72
105
32
97
108
108
44
10
10
97
112
111
108
111
103
105
101
115
32
102
111
114
32
116
104
101
32
112
111
115
115
105
98
108
101
32
115
105
108
108
121
32
113
117
101
115
116
105
111
110
32
40
105
32
100
111
110
39
116
32
116
104
105
110
107
32
105
116
32
105
115
44
32
98
117
116
41
44
32
10
98
117
116
32
105
115
32
69
105
114
99
111
109
39
115
32
97
68
83
76
32
115
101
114
118
105
99
101
32
78
65
84
39
101
100
63
10
10
97
110
100
32
119
104
97
116
32
105
109
112
108
105
99
97
116
105
111
110
115
32
119
111
117
108
100
32
116
104
97
116
32
104
97
118
101
32
102
111
114
32
86
111
73
80
63
32
73
32
107
110
111
119
32
116
104
101
114
101
32
97
114
101
32
10
100
105
102
102
105
99
117
108
116
105
101
115
32
119
105
116
104
32
86
111
73
80
32
111
114
32
99
111
110
110
101
99
116
105
110
103
32
116
111
32
99
108
105
101
110
116
115
32
99
111
110
110
101
99
116
101
100
32
116
111
32
97
32
78
65
84
39
101
100
32
10
110
101
116
119
111
114
107
32
102
114
111
109
32
116
104
101
32
105
110
116
101
114
110
101
116
32
119
105
108
100
32
40
105
46
101
46
32
109
97
99
104
105
110
101
115
32
119
105
116
104
32
115
116
97
116
105
99
44
32
114
101
97
108
32
73
80
115
41
10
10
97
110
121
32
104
101
108
112
32
112
111
105
110
116
101
114
115
32
119
111
117
108
100
32
98
101
32
104
101
108
112
102
117
108
44
10
10
99
104
101
101
114
115
10
45
45
32
10
114
103
114
100
115
44
10
66
101
114
110
97
114
100
10
45
45
32
10
66
101
114
110
97
114
100
32
84
121
101
114
115
32
42
32
78
97
116
105
111
110
97
108
32
67
101
110
116
114
101
32
102
111
114
32
83
101
110
115
111
114
32
82
101
115
101
97
114
99
104
32
42
32
80
58
51
53
51
45
49
45
55
48
48
45
53
50
55
51
32
42
10
69
58
32
98
101
114
110
97
114
100
46
116
121
101
114
115
64
100
99
117
46
105
101
32
42
32
87
58
32
119
119
119
46
112
104
121
115
105
99
115
46
100
99
117
46
105
101
47
126
98
116
121
32
42
32
76
58
78
49
49
55
10
10
95
95
95
95
95
95
95
95
95
95
95
95
95
95
95
95
95
95
95
95
95
95
95
95
95
95
95
95
95
95
95
95
95
95
95
95
95
95
95
95
95
95
95
95
95
95
95
10
73
73
85
32
109
97
105
108
105
110
103
32
108
105
115
116
10
73
73
85
64
105
105
117
46
116
97
105
110
116
46
111
114
103
10
104
116
116
112
58
47
47
105
105
117
46
116
97
105
110
116
46
111
114
103
47
109
97
105
108
109
97
110
47
108
105
115
116
105
110
102
111
47
105
105
117
10
10
