70
114
111
109
32
105
108
117
103
45
97
100
109
105
110
64
108
105
110
117
120
46
105
101
32
32
84
104
117
32
65
117
103
32
50
50
32
49
54
58
50
55
58
50
49
32
50
48
48
50
10
82
101
116
117
114
110
45
80
97
116
104
58
32
60
105
108
117
103
45
97
100
109
105
110
64
108
105
110
117
120
46
105
101
62
10
68
101
108
105
118
101
114
101
100
45
84
111
58
32
122
122
122
122
64
108
111
99
97
108
104
111
115
116
46
110
101
116
110
111
116
101
105
110
99
46
99
111
109
10
82
101
99
101
105
118
101
100
58
32
102
114
111
109
32
108
111
99
97
108
104
111
115
116
32
40
108
111
99
97
108
104
111
115
116
32
91
49
50
55
46
48
46
48
46
49
93
41
10
9
98
121
32
112
104
111
98
111
115
46
108
97
98
115
46
110
101
116
110
111
116
101
105
110
99
46
99
111
109
32
40
80
111
115
116
102
105
120
41
32
119
105
116
104
32
69
83
77
84
80
32
105
100
32
55
65
50
56
65
52
51
70
57
57
10
9
102
111
114
32
60
122
122
122
122
64
108
111
99
97
108
104
111
115
116
62
59
32
84
104
117
44
32
50
50
32
65
117
103
32
50
48
48
50
32
49
49
58
50
55
58
50
49
32
45
48
52
48
48
32
40
69
68
84
41
10
82
101
99
101
105
118
101
100
58
32
102
114
111
109
32
112
104
111
98
111
115
32
91
49
50
55
46
48
46
48
46
49
93
10
9
98
121
32
108
111
99
97
108
104
111
115
116
32
119
105
116
104
32
73
77
65
80
32
40
102
101
116
99
104
109
97
105
108
45
53
46
57
46
48
41
10
9
102
111
114
32
122
122
122
122
64
108
111
99
97
108
104
111
115
116
32
40
115
105
110
103
108
101
45
100
114
111
112
41
59
32
84
104
117
44
32
50
50
32
65
117
103
32
50
48
48
50
32
49
54
58
50
55
58
50
49
32
43
48
49
48
48
32
40
73
83
84
41
10
82
101
99
101
105
118
101
100
58
32
102
114
111
109
32
108
117
103
104
46
116
117
97
116
104
97
46
111
114
103
32
40
114
111
111
116
64
108
117
103
104
46
116
117
97
116
104
97
46
111
114
103
32
91
49
57
52
46
49
50
53
46
49
52
53
46
52
53
93
41
32
98
121
10
32
32
32
32
100
111
103
109
97
46
115
108
97
115
104
110
117
108
108
46
111
114
103
32
40
56
46
49
49
46
54
47
56
46
49
49
46
54
41
32
119
105
116
104
32
69
83
77
84
80
32
105
100
32
103
55
77
70
81
109
90
49
50
50
56
48
32
102
111
114
10
32
32
32
32
60
122
122
122
122
45
105
108
117
103
64
115
112
97
109
97
115
115
97
115
115
105
110
46
116
97
105
110
116
46
111
114
103
62
59
32
84
104
117
44
32
50
50
32
65
117
103
32
50
48
48
50
32
49
54
58
50
54
58
52
56
32
43
48
49
48
48
10
82
101
99
101
105
118
101
100
58
32
102
114
111
109
32
108
117
103
104
32
40
114
111
111
116
64
108
111
99
97
108
104
111
115
116
32
91
49
50
55
46
48
46
48
46
49
93
41
32
98
121
32
108
117
103
104
46
116
117
97
116
104
97
46
111
114
103
10
32
32
32
32
40
56
46
57
46
51
47
56
46
57
46
51
41
32
119
105
116
104
32
69
83
77
84
80
32
105
100
32
81
65
65
48
55
49
56
56
59
32
84
104
117
44
32
50
50
32
65
117
103
32
50
48
48
50
32
49
54
58
50
53
58
51
50
32
43
48
49
48
48
10
82
101
99
101
105
118
101
100
58
32
102
114
111
109
32
109
111
101
46
106
105
110
110
121
46
105
101
32
40
91
49
57
51
46
49
50
48
46
49
55
49
46
51
93
41
32
98
121
32
108
117
103
104
46
116
117
97
116
104
97
46
111
114
103
10
32
32
32
32
40
56
46
57
46
51
47
56
46
57
46
51
41
32
119
105
116
104
32
69
83
77
84
80
32
105
100
32
81
65
65
48
55
49
52
53
32
102
111
114
32
60
105
108
117
103
64
108
105
110
117
120
46
105
101
62
59
32
84
104
117
44
10
32
32
32
32
50
50
32
65
117
103
32
50
48
48
50
32
49
54
58
50
53
58
50
52
32
43
48
49
48
48
10
88
45
65
117
116
104
101
110
116
105
99
97
116
105
111
110
45
87
97
114
110
105
110
103
58
32
108
117
103
104
46
116
117
97
116
104
97
46
111
114
103
58
32
72
111
115
116
32
91
49
57
51
46
49
50
48
46
49
55
49
46
51
93
32
99
108
97
105
109
101
100
32
116
111
10
32
32
32
32
98
101
32
109
111
101
46
106
105
110
110
121
46
105
101
10
82
101
99
101
105
118
101
100
58
32
102
114
111
109
32
106
108
111
111
110
101
121
46
106
105
110
110
121
46
105
101
32
40
117
110
107
110
111
119
110
32
91
49
57
51
46
49
50
48
46
49
55
49
46
50
93
41
32
98
121
32
109
111
101
46
106
105
110
110
121
46
105
101
10
32
32
32
32
40
80
111
115
116
102
105
120
41
32
119
105
116
104
32
69
83
77
84
80
32
105
100
32
57
51
56
66
68
55
70
67
52
54
59
32
84
104
117
44
32
50
50
32
65
117
103
32
50
48
48
50
32
49
54
58
50
53
58
50
51
32
43
48
49
48
48
32
40
73
83
84
41
10
82
101
99
101
105
118
101
100
58
32
98
121
32
106
108
111
111
110
101
121
46
106
105
110
110
121
46
105
101
32
40
80
111
115
116
102
105
120
44
32
102
114
111
109
32
117
115
101
114
105
100
32
53
48
48
41
32
105
100
32
52
70
53
55
49
56
57
68
59
10
32
32
32
32
84
104
117
44
32
50
50
32
65
117
103
32
50
48
48
50
32
49
54
58
50
53
58
52
53
32
43
48
49
48
48
32
40
73
83
84
41
10
68
97
116
101
58
32
84
104
117
44
32
50
50
32
65
117
103
32
50
48
48
50
32
49
54
58
50
53
58
52
53
32
43
48
49
48
48
10
70
114
111
109
58
32
34
74
111
104
110
32
80
46
32
76
111
111
110
101
121
34
32
60
118
97
108
101
110
64
116
117
97
116
104
97
46
111
114
103
62
10
84
111
58
32
108
105
110
117
120
45
114
97
105
100
64
118
103
101
114
46
107
101
114
110
101
108
46
111
114
103
10
67
99
58
32
105
108
117
103
64
108
105
110
117
120
46
105
101
10
77
101
115
115
97
103
101
45
73
100
58
32
60
50
48
48
50
48
56
50
50
49
53
50
53
52
53
46
71
74
51
54
55
48
64
106
105
110
110
121
46
105
101
62
10
82
101
112
108
121
45
84
111
58
32
118
97
108
101
110
64
116
117
97
116
104
97
46
111
114
103
10
77
97
105
108
45
70
111
108
108
111
119
117
112
45
84
111
58
32
108
105
110
117
120
45
114
97
105
100
64
118
103
101
114
46
107
101
114
110
101
108
46
111
114
103
44
32
105
108
117
103
64
108
105
110
117
120
46
105
101
10
82
101
102
101
114
101
110
99
101
115
58
32
60
50
48
48
50
48
56
49
55
50
48
53
54
46
103
55
72
75
117
72
109
48
53
55
53
52
64
114
97
113
46
105
99
101
98
108
105
110
107
46
111
114
103
62
10
32
32
32
32
60
49
48
50
57
54
50
52
57
50
50
46
49
52
55
54
57
46
49
49
57
46
99
97
109
101
108
64
97
116
104
101
114
116
111
110
62
32
60
50
48
48
50
48
56
49
57
49
52
48
56
49
53
46
71
89
50
54
56
49
56
64
106
105
110
110
121
46
105
101
62
10
77
73
77
69
45
86
101
114
115
105
111
110
58
32
49
46
48
10
67
111
110
116
101
110
116
45
84
121
112
101
58
32
116
101
120
116
47
112
108
97
105
110
59
32
99
104
97
114
115
101
116
61
117
115
45
97
115
99
105
105
10
67
111
110
116
101
110
116
45
68
105
115
112
111
115
105
116
105
111
110
58
32
105
110
108
105
110
101
10
73
110
45
82
101
112
108
121
45
84
111
58
32
60
50
48
48
50
48
56
49
57
49
52
48
56
49
53
46
71
89
50
54
56
49
56
64
106
105
110
110
121
46
105
101
62
10
85
115
101
114
45
65
103
101
110
116
58
32
77
117
116
116
47
49
46
52
105
10
88
45
79
115
58
32
82
101
100
32
72
97
116
32
76
105
110
117
120
32
55
46
51
47
76
105
110
117
120
32
50
46
52
46
49
56
45
51
10
88
45
85
114
108
58
32
104
116
116
112
58
47
47
119
119
119
46
114
101
100
98
114
105
99
107
46
100
99
117
46
105
101
47
126
118
97
108
101
110
10
88
45
71
110
117
112
103
45
80
117
98
108
105
99
107
101
121
58
32
104
116
116
112
58
47
47
119
119
119
46
114
101
100
98
114
105
99
107
46
100
99
117
46
105
101
47
126
118
97
108
101
110
47
112
117
98
108
105
99
46
97
115
99
10
83
117
98
106
101
99
116
58
32
91
73
76
85
71
93
32
82
101
58
32
80
114
111
98
108
101
109
115
32
119
105
116
104
32
82
65
73
68
49
32
111
110
32
99
111
98
97
108
116
32
114
97
113
51
10
83
101
110
100
101
114
58
32
105
108
117
103
45
97
100
109
105
110
64
108
105
110
117
120
46
105
101
10
69
114
114
111
114
115
45
84
111
58
32
105
108
117
103
45
97
100
109
105
110
64
108
105
110
117
120
46
105
101
10
88
45
77
97
105
108
109
97
110
45
86
101
114
115
105
111
110
58
32
49
46
49
10
80
114
101
99
101
100
101
110
99
101
58
32
98
117
108
107
10
76
105
115
116
45
73
100
58
32
73
114
105
115
104
32
76
105
110
117
120
32
85
115
101
114
115
39
32
71
114
111
117
112
32
60
105
108
117
103
46
108
105
110
117
120
46
105
101
62
10
88
45
66
101
101
110
116
104
101
114
101
58
32
105
108
117
103
64
108
105
110
117
120
46
105
101
10
10
79
110
32
77
111
110
44
32
65
117
103
32
49
57
44
32
50
48
48
50
32
97
116
32
48
51
58
48
56
58
49
54
80
77
32
43
48
49
48
48
44
32
74
111
104
110
32
80
46
32
76
111
111
110
101
121
32
109
101
110
116
105
111
110
101
100
58
10
62
32
32
84
104
105
115
32
105
115
32
108
105
107
101
108
121
32
98
101
99
97
117
115
101
32
116
111
32
103
101
116
32
105
116
32
116
111
32
98
111
111
116
44
32
108
105
107
101
32
116
104
101
32
99
111
98
97
108
116
44
32
73
39
109
32
97
99
116
117
97
108
108
121
10
62
32
112
97
115
115
105
110
103
32
114
111
111
116
61
47
100
101
118
47
104
100
97
53
32
116
111
32
116
104
101
32
107
101
114
110
101
108
44
32
110
111
116
32
47
100
101
118
47
109
100
48
46
32
10
10
32
74
117
115
116
32
116
111
32
115
111
108
118
101
32
116
104
105
115
46
46
46
116
104
101
32
114
101
97
115
111
110
32
73
32
119
97
115
32
98
111
111
116
105
110
103
32
116
104
101
32
98
111
120
32
119
105
116
104
10
114
111
111
116
61
47
100
101
118
47
104
100
97
53
44
32
110
111
116
32
47
100
101
118
47
109
100
48
32
119
97
115
32
98
101
99
97
117
115
101
32
47
100
101
118
47
109
100
48
32
119
97
115
110
39
116
32
98
111
111
116
105
110
103
32
45
32
105
116
10
119
111
117
108
100
32
98
97
114
102
32
119
105
116
104
32
39
99
97
110
39
116
32
102
105
110
100
32
105
110
105
116
39
46
10
10
32
73
116
32
116
117
114
110
115
32
111
117
116
32
116
104
97
116
32
116
104
105
115
32
105
115
32
98
101
99
97
117
115
101
32
73
32
119
97
115
32
112
111
112
117
108
97
116
105
110
103
32
109
100
48
32
119
105
116
104
32
116
97
114
46
32
87
104
105
99
104
10
115
101
101
109
115
32
116
111
32
104
97
118
101
32
39
105
115
115
117
101
115
39
32
119
105
116
104
32
99
114
111
115
115
108
105
110
107
101
100
32
102
105
108
101
115
32
45
32
102
111
114
32
105
110
115
116
97
110
99
101
44
32
105
116
32
119
97
115
10
116
114
121
105
110
103
32
116
111
32
109
97
107
101
32
97
32
104
97
114
100
32
108
105
110
107
32
111
102
32
103
108
105
98
99
46
115
111
32
116
111
32
104
100
97
32
45
32
97
110
100
32
102
97
105
108
105
110
103
46
32
73
116
32
119
97
115
32
111
110
108
121
10
97
115
32
73
32
100
105
100
32
105
116
32
97
103
97
105
110
32
119
105
116
104
32
97
32
102
114
105
101
110
100
32
112
114
101
115
101
110
116
44
32
116
104
97
116
32
104
101
32
115
112
111
116
116
101
100
32
116
104
101
32
101
114
114
111
114
115
44
32
97
110
100
10
113
117
101
114
105
101
100
32
116
104
101
109
46
32
87
101
32
110
111
116
105
99
101
100
32
116
104
97
116
32
116
104
101
32
104
97
114
100
32
108
105
110
107
101
100
32
102
105
108
101
115
32
106
117
115
116
32
100
105
100
110
39
116
32
101
120
105
115
116
32
111
110
10
116
104
101
32
110
101
119
32
114
111
111
116
102
115
46
10
10
32
87
104
101
110
32
119
101
32
100
117
112
108
105
99
97
116
101
100
32
116
104
101
32
102
105
108
101
115
121
115
116
101
109
115
32
119
105
116
104
32
100
117
109
112
32
105
110
115
116
101
97
100
32
111
102
32
116
97
114
44
32
105
116
32
119
111
114
107
101
100
10
102
105
110
101
44
32
73
32
119
97
115
32
97
98
108
101
32
116
111
32
116
101
108
108
32
108
105
108
111
32
116
111
32
117
115
101
32
114
111
111
116
61
47
100
101
118
47
109
100
48
32
97
110
100
32
101
118
101
114
121
116
104
105
110
103
32
119
111
114
107
101
100
46
10
10
32
87
111
111
104
111
111
46
10
10
75
97
116
101
10
10
10
45
45
32
10
73
114
105
115
104
32
76
105
110
117
120
32
85
115
101
114
115
39
32
71
114
111
117
112
58
32
105
108
117
103
64
108
105
110
117
120
46
105
101
10
104
116
116
112
58
47
47
119
119
119
46
108
105
110
117
120
46
105
101
47
109
97
105
108
109
97
110
47
108
105
115
116
105
110
102
111
47
105
108
117
103
32
102
111
114
32
40
117
110
41
115
117
98
115
99
114
105
112
116
105
111
110
32
105
110
102
111
114
109
97
116
105
111
110
46
10
76
105
115
116
32
109
97
105
110
116
97
105
110
101
114
58
32
108
105
115
116
109
97
115
116
101
114
64
108
105
110
117
120
46
105
101
10
10
