70
114
111
109
32
109
97
114
116
105
110
64
115
114
118
48
46
101
109
115
46
101
100
46
97
99
46
117
107
32
32
84
104
117
32
65
117
103
32
50
50
32
49
52
58
53
52
58
51
57
32
50
48
48
50
10
82
101
116
117
114
110
45
80
97
116
104
58
32
60
109
97
114
116
105
110
64
115
114
118
48
46
101
109
115
46
101
100
46
97
99
46
117
107
62
10
68
101
108
105
118
101
114
101
100
45
84
111
58
32
122
122
122
122
64
108
111
99
97
108
104
111
115
116
46
110
101
116
110
111
116
101
105
110
99
46
99
111
109
10
82
101
99
101
105
118
101
100
58
32
102
114
111
109
32
108
111
99
97
108
104
111
115
116
32
40
108
111
99
97
108
104
111
115
116
32
91
49
50
55
46
48
46
48
46
49
93
41
10
9
98
121
32
112
104
111
98
111
115
46
108
97
98
115
46
110
101
116
110
111
116
101
105
110
99
46
99
111
109
32
40
80
111
115
116
102
105
120
41
32
119
105
116
104
32
69
83
77
84
80
32
105
100
32
49
54
70
67
55
52
51
70
57
57
10
9
102
111
114
32
60
122
122
122
122
64
108
111
99
97
108
104
111
115
116
62
59
32
84
104
117
44
32
50
50
32
65
117
103
32
50
48
48
50
32
48
57
58
53
52
58
51
56
32
45
48
52
48
48
32
40
69
68
84
41
10
82
101
99
101
105
118
101
100
58
32
102
114
111
109
32
112
104
111
98
111
115
32
91
49
50
55
46
48
46
48
46
49
93
10
9
98
121
32
108
111
99
97
108
104
111
115
116
32
119
105
116
104
32
73
77
65
80
32
40
102
101
116
99
104
109
97
105
108
45
53
46
57
46
48
41
10
9
102
111
114
32
122
122
122
122
64
108
111
99
97
108
104
111
115
116
32
40
115
105
110
103
108
101
45
100
114
111
112
41
59
32
84
104
117
44
32
50
50
32
65
117
103
32
50
48
48
50
32
49
52
58
53
52
58
51
57
32
43
48
49
48
48
32
40
73
83
84
41
10
82
101
99
101
105
118
101
100
58
32
102
114
111
109
32
110
49
52
46
103
114
112
46
115
99
100
46
121
97
104
111
111
46
99
111
109
32
40
110
49
52
46
103
114
112
46
115
99
100
46
121
97
104
111
111
46
99
111
109
10
32
32
32
32
91
54
54
46
50
49
56
46
54
54
46
54
57
93
41
32
98
121
32
100
111
103
109
97
46
115
108
97
115
104
110
117
108
108
46
111
114
103
32
40
56
46
49
49
46
54
47
56
46
49
49
46
54
41
32
119
105
116
104
32
83
77
84
80
32
105
100
10
32
32
32
32
103
55
77
68
111
120
90
48
56
57
54
48
32
102
111
114
32
60
122
122
122
122
64
115
112
97
109
97
115
115
97
115
115
105
110
46
116
97
105
110
116
46
111
114
103
62
59
32
84
104
117
44
32
50
50
32
65
117
103
32
50
48
48
50
32
49
52
58
53
48
58
53
57
32
43
48
49
48
48
10
88
45
69
103
114
111
117
112
115
45
82
101
116
117
114
110
58
32
115
101
110
116
116
111
45
50
50
52
50
53
55
50
45
53
50
55
51
55
45
49
48
51
48
48
50
52
50
54
49
45
122
122
122
122
61
115
112
97
109
97
115
115
97
115
115
105
110
46
116
97
105
110
116
46
111
114
103
64
114
101
116
117
114
110
115
46
103
114
111
117
112
115
46
121
97
104
111
111
46
99
111
109
10
82
101
99
101
105
118
101
100
58
32
102
114
111
109
32
91
54
54
46
50
49
56
46
54
54
46
57
53
93
32
98
121
32
110
49
52
46
103
114
112
46
115
99
100
46
121
97
104
111
111
46
99
111
109
32
119
105
116
104
32
78
78
70
77
80
59
10
32
32
32
32
50
50
32
65
117
103
32
50
48
48
50
32
49
51
58
53
49
58
48
49
32
45
48
48
48
48
10
88
45
83
101
110
100
101
114
58
32
109
97
114
116
105
110
64
115
114
118
48
46
101
109
115
46
101
100
46
97
99
46
117
107
10
88
45
65
112
112
97
114
101
110
116
108
121
45
84
111
58
32
122
122
122
122
116
101
97
110
97
64
121
97
104
111
111
103
114
111
117
112
115
46
99
111
109
10
82
101
99
101
105
118
101
100
58
32
40
69
71
80
58
32
109
97
105
108
45
56
95
49
95
48
95
49
41
59
32
50
50
32
65
117
103
32
50
48
48
50
32
49
51
58
53
49
58
48
48
32
45
48
48
48
48
10
82
101
99
101
105
118
101
100
58
32
40
113
109
97
105
108
32
55
49
56
57
52
32
105
110
118
111
107
101
100
32
102
114
111
109
32
110
101
116
119
111
114
107
41
59
32
50
50
32
65
117
103
32
50
48
48
50
32
49
51
58
53
49
58
48
48
32
45
48
48
48
48
10
82
101
99
101
105
118
101
100
58
32
102
114
111
109
32
117
110
107
110
111
119
110
32
40
54
54
46
50
49
56
46
54
54
46
50
49
56
41
32
98
121
32
109
55
46
103
114
112
46
115
99
100
46
121
97
104
111
111
46
99
111
109
32
119
105
116
104
32
81
77
81
80
59
10
32
32
32
32
50
50
32
65
117
103
32
50
48
48
50
32
49
51
58
53
49
58
48
48
32
45
48
48
48
48
10
82
101
99
101
105
118
101
100
58
32
102
114
111
109
32
117
110
107
110
111
119
110
32
40
72
69
76
79
32
104
97
121
109
97
114
107
101
116
46
101
100
46
97
99
46
117
107
41
32
40
49
50
57
46
50
49
53
46
49
50
56
46
53
51
41
32
98
121
10
32
32
32
32
109
116
97
51
46
103
114
112
46
115
99
100
46
121
97
104
111
111
46
99
111
109
32
119
105
116
104
32
83
77
84
80
59
32
50
50
32
65
117
103
32
50
48
48
50
32
49
51
58
53
49
58
48
48
32
45
48
48
48
48
10
82
101
99
101
105
118
101
100
58
32
102
114
111
109
32
115
114
118
48
46
101
109
115
46
101
100
46
97
99
46
117
107
32
40
115
114
118
48
46
101
109
115
46
101
100
46
97
99
46
117
107
32
91
49
50
57
46
50
49
53
46
49
49
55
46
48
93
41
32
98
121
10
32
32
32
32
104
97
121
109
97
114
107
101
116
46
101
100
46
97
99
46
117
107
32
40
56
46
49
49
46
54
47
56
46
49
49
46
54
41
32
119
105
116
104
32
69
83
77
84
80
32
105
100
32
103
55
77
68
111
119
51
49
48
51
51
52
32
102
111
114
10
32
32
32
32
60
102
111
114
116
101
97
110
97
64
121
97
104
111
111
103
114
111
117
112
115
46
99
111
109
62
59
32
84
104
117
44
32
50
50
32
65
117
103
32
50
48
48
50
32
49
52
58
53
48
58
53
57
32
43
48
49
48
48
32
40
66
83
84
41
10
82
101
99
101
105
118
101
100
58
32
102
114
111
109
32
69
77
83
45
83
82
86
48
47
83
112
111
111
108
68
105
114
32
98
121
32
115
114
118
48
46
101
109
115
46
101
100
46
97
99
46
117
107
32
40
77
101
114
99
117
114
121
32
49
46
52
52
41
59
10
32
32
32
32
50
50
32
65
117
103
32
48
50
32
49
52
58
53
48
58
53
56
32
43
48
48
48
48
10
82
101
99
101
105
118
101
100
58
32
102
114
111
109
32
83
112
111
111
108
68
105
114
32
98
121
32
69
77
83
45
83
82
86
48
32
40
77
101
114
99
117
114
121
32
49
46
52
52
41
59
32
50
50
32
65
117
103
32
48
50
32
49
52
58
53
48
58
51
49
32
43
48
48
48
48
10
79
114
103
97
110
105
122
97
116
105
111
110
58
32
77
97
110
97
103
101
109
101
110
116
32
83
99
104
111
111
108
10
84
111
58
32
122
122
122
122
116
101
97
110
97
64
121
97
104
111
111
103
114
111
117
112
115
46
99
111
109
10
77
101
115
115
97
103
101
45
73
100
58
32
60
51
68
54
52
70
65
51
67
46
49
51
51
50
53
46
54
51
65
53
57
54
48
64
108
111
99
97
108
104
111
115
116
62
10
80
114
105
111
114
105
116
121
58
32
110
111
114
109
97
108
10
73
110
45
82
101
112
108
121
45
84
111
58
32
60
51
68
54
52
69
57
52
69
46
56
48
54
48
51
48
49
64
101
101
46
101
100
46
97
99
46
117
107
62
10
88
45
77
97
105
108
101
114
58
32
80
101
103
97
115
117
115
32
77
97
105
108
32
102
111
114
32
87
105
110
100
111
119
115
32
40
118
52
46
48
49
41
10
67
111
110
116
101
110
116
45
68
101
115
99
114
105
112
116
105
111
110
58
32
77
97
105
108
32
109
101
115
115
97
103
101
32
98
111
100
121
10
70
114
111
109
58
32
34
77
97
114
116
105
110
32
65
100
97
109
115
111
110
34
32
60
109
97
114
116
105
110
64
115
114
118
48
46
101
109
115
46
101
100
46
97
99
46
117
107
62
10
77
73
77
69
45
86
101
114
115
105
111
110
58
32
49
46
48
10
77
97
105
108
105
110
103
45
76
105
115
116
58
32
108
105
115
116
32
122
122
122
122
116
101
97
110
97
64
121
97
104
111
111
103
114
111
117
112
115
46
99
111
109
59
32
99
111
110
116
97
99
116
10
32
32
32
32
102
111
114
116
101
97
110
97
45
111
119
110
101
114
64
121
97
104
111
111
103
114
111
117
112
115
46
99
111
109
10
68
101
108
105
118
101
114
101
100
45
84
111
58
32
109
97
105
108
105
110
103
32
108
105
115
116
32
122
122
122
122
116
101
97
110
97
64
121
97
104
111
111
103
114
111
117
112
115
46
99
111
109
10
80
114
101
99
101
100
101
110
99
101
58
32
98
117
108
107
10
76
105
115
116
45
85
110
115
117
98
115
99
114
105
98
101
58
32
60
109
97
105
108
116
111
58
122
122
122
122
116
101
97
110
97
45
117
110
115
117
98
115
99
114
105
98
101
64
121
97
104
111
111
103
114
111
117
112
115
46
99
111
109
62
10
68
97
116
101
58
32
84
104
117
44
32
50
50
32
65
117
103
32
50
48
48
50
32
49
52
58
53
48
58
51
49
32
43
48
49
48
48
10
83
117
98
106
101
99
116
58
32
82
101
58
32
91
122
122
122
122
116
101
97
110
97
93
32
78
111
116
104
105
110
103
32
108
105
107
101
32
109
97
109
97
32
117
115
101
100
32
116
111
32
109
97
107
101
10
82
101
112
108
121
45
84
111
58
32
122
122
122
122
116
101
97
110
97
64
121
97
104
111
111
103
114
111
117
112
115
46
99
111
109
10
67
111
110
116
101
110
116
45
84
121
112
101
58
32
116
101
120
116
47
112
108
97
105
110
59
32
99
104
97
114
115
101
116
61
85
83
45
65
83
67
73
73
10
67
111
110
116
101
110
116
45
84
114
97
110
115
102
101
114
45
69
110
99
111
100
105
110
103
58
32
55
98
105
116
10
10
10
62
32
73
32
106
117
115
116
32
104
97
100
32
116
111
32
106
117
109
112
32
105
110
32
104
101
114
101
32
97
115
32
67
97
114
98
111
110
97
114
97
32
105
115
32
111
110
101
32
111
102
32
109
121
32
102
97
118
111
117
114
105
116
101
115
32
116
111
32
109
97
107
101
32
97
110
100
32
10
62
32
97
115
107
32
10
62
32
119
104
97
116
32
116
104
101
32
104
101
108
108
32
97
114
101
32
121
111
117
32
115
117
112
112
111
115
101
100
32
116
111
32
117
115
101
32
105
110
115
116
101
97
100
32
111
102
32
99
114
101
97
109
63
32
10
10
73
115
110
39
116
32
105
116
32
106
117
115
116
32
98
97
115
105
99
97
108
108
121
32
97
32
109
105
120
116
117
114
101
32
111
102
32
98
101
97
116
101
110
32
101
103
103
32
97
110
100
32
98
97
99
111
110
32
40
111
114
32
112
97
110
99
101
116
116
97
44
32
10
114
101
97
108
108
121
41
63
32
89
111
117
32
109
105
120
32
105
110
32
116
104
101
32
114
97
119
32
101
103
103
32
116
111
32
116
104
101
32
99
111
111
107
101
100
32
112
97
115
116
97
32
97
110
100
32
116
104
101
32
104
101
97
116
32
111
102
32
116
104
101
32
112
97
115
116
97
32
10
99
111
111
107
115
32
116
104
101
32
101
103
103
46
32
84
104
97
116
39
115
32
109
121
32
117
110
100
101
114
115
116
97
110
100
105
110
103
46
10
10
77
97
114
116
105
110
10
10
45
45
45
45
45
45
45
45
45
45
45
45
45
45
45
45
45
45
45
45
45
45
45
45
32
89
97
104
111
111
33
32
71
114
111
117
112
115
32
83
112
111
110
115
111
114
32
45
45
45
45
45
45
45
45
45
45
45
45
45
45
45
45
45
45
45
45
45
126
45
45
62
10
52
32
68
86
68
115
32
70
114
101
101
32
43
115
38
112
32
74
111
105
110
32
78
111
119
10
104
116
116
112
58
47
47
117
115
46
99
108
105
99
107
46
121
97
104
111
111
46
99
111
109
47
112
116
54
89
66
66
47
78
88
105
69
65
65
47
109
71
51
72
65
65
47
55
103
83
111
108
66
47
84
77
10
45
45
45
45
45
45
45
45
45
45
45
45
45
45
45
45
45
45
45
45
45
45
45
45
45
45
45
45
45
45
45
45
45
45
45
45
45
45
45
45
45
45
45
45
45
45
45
45
45
45
45
45
45
45
45
45
45
45
45
45
45
45
45
45
45
45
45
45
45
126
45
62
10
10
84
111
32
117
110
115
117
98
115
99
114
105
98
101
32
102
114
111
109
32
116
104
105
115
32
103
114
111
117
112
44
32
115
101
110
100
32
97
110
32
101
109
97
105
108
32
116
111
58
10
102
111
114
116
101
97
110
97
45
117
110
115
117
98
115
99
114
105
98
101
64
101
103
114
111
117
112
115
46
99
111
109
10
10
32
10
10
89
111
117
114
32
117
115
101
32
111
102
32
89
97
104
111
111
33
32
71
114
111
117
112
115
32
105
115
32
115
117
98
106
101
99
116
32
116
111
32
104
116
116
112
58
47
47
100
111
99
115
46
121
97
104
111
111
46
99
111
109
47
105
110
102
111
47
116
101
114
109
115
47
32
10
10
10
10
