70
114
111
109
32
115
112
97
109
97
115
115
97
115
115
105
110
45
100
101
118
101
108
45
97
100
109
105
110
64
108
105
115
116
115
46
115
111
117
114
99
101
102
111
114
103
101
46
110
101
116
32
32
84
104
117
32
65
117
103
32
50
50
32
49
53
58
50
53
58
50
57
32
50
48
48
50
10
82
101
116
117
114
110
45
80
97
116
104
58
32
60
115
112
97
109
97
115
115
97
115
115
105
110
45
100
101
118
101
108
45
97
100
109
105
110
64
101
120
97
109
112
108
101
46
115
111
117
114
99
101
102
111
114
103
101
46
110
101
116
62
10
68
101
108
105
118
101
114
101
100
45
84
111
58
32
122
122
122
122
64
108
111
99
97
108
104
111
115
116
46
110
101
116
110
111
116
101
105
110
99
46
99
111
109
10
82
101
99
101
105
118
101
100
58
32
102
114
111
109
32
108
111
99
97
108
104
111
115
116
32
40
108
111
99
97
108
104
111
115
116
32
91
49
50
55
46
48
46
48
46
49
93
41
10
9
98
121
32
112
104
111
98
111
115
46
108
97
98
115
46
110
101
116
110
111
116
101
105
110
99
46
99
111
109
32
40
80
111
115
116
102
105
120
41
32
119
105
116
104
32
69
83
77
84
80
32
105
100
32
65
69
50
68
48
52
51
70
57
66
10
9
102
111
114
32
60
122
122
122
122
64
108
111
99
97
108
104
111
115
116
62
59
32
84
104
117
44
32
50
50
32
65
117
103
32
50
48
48
50
32
49
48
58
50
53
58
50
57
32
45
48
52
48
48
32
40
69
68
84
41
10
82
101
99
101
105
118
101
100
58
32
102
114
111
109
32
112
104
111
98
111
115
32
91
49
50
55
46
48
46
48
46
49
93
10
9
98
121
32
108
111
99
97
108
104
111
115
116
32
119
105
116
104
32
73
77
65
80
32
40
102
101
116
99
104
109
97
105
108
45
53
46
57
46
48
41
10
9
102
111
114
32
122
122
122
122
64
108
111
99
97
108
104
111
115
116
32
40
115
105
110
103
108
101
45
100
114
111
112
41
59
32
84
104
117
44
32
50
50
32
65
117
103
32
50
48
48
50
32
49
53
58
50
53
58
50
57
32
43
48
49
48
48
32
40
73
83
84
41
10
82
101
99
101
105
118
101
100
58
32
102
114
111
109
32
117
115
119
45
115
102
45
108
105
115
116
50
46
115
111
117
114
99
101
102
111
114
103
101
46
110
101
116
32
40
117
115
119
45
115
102
45
102
119
50
46
115
111
117
114
99
101
102
111
114
103
101
46
110
101
116
10
32
32
32
32
91
50
49
54
46
49
51
54
46
49
55
49
46
50
53
50
93
41
32
98
121
32
100
111
103
109
97
46
115
108
97
115
104
110
117
108
108
46
111
114
103
32
40
56
46
49
49
46
54
47
56
46
49
49
46
54
41
32
119
105
116
104
32
69
83
77
84
80
32
105
100
10
32
32
32
32
103
55
77
69
78
108
90
48
57
57
56
52
32
102
111
114
32
60
122
122
122
122
64
115
112
97
109
97
115
115
97
115
115
105
110
46
116
97
105
110
116
46
111
114
103
62
59
32
84
104
117
44
32
50
50
32
65
117
103
32
50
48
48
50
32
49
53
58
50
51
58
52
55
32
43
48
49
48
48
10
82
101
99
101
105
118
101
100
58
32
102
114
111
109
32
117
115
119
45
115
102
45
108
105
115
116
49
45
98
46
115
111
117
114
99
101
102
111
114
103
101
46
110
101
116
32
40
91
49
48
46
51
46
49
46
49
51
93
10
32
32
32
32
104
101
108
111
61
117
115
119
45
115
102
45
108
105
115
116
49
46
115
111
117
114
99
101
102
111
114
103
101
46
110
101
116
41
32
98
121
32
117
115
119
45
115
102
45
108
105
115
116
50
46
115
111
117
114
99
101
102
111
114
103
101
46
110
101
116
32
119
105
116
104
10
32
32
32
32
101
115
109
116
112
32
40
69
120
105
109
32
51
46
51
49
45
86
65
45
109
109
50
32
35
49
32
40
68
101
98
105
97
110
41
41
32
105
100
32
49
55
104
115
111
102
45
48
48
48
52
50
114
45
48
48
59
32
84
104
117
44
10
32
32
32
32
50
50
32
65
117
103
32
50
48
48
50
32
48
55
58
50
48
58
48
53
32
45
48
55
48
48
10
82
101
99
101
105
118
101
100
58
32
102
114
111
109
32
118
105
118
105
46
117
112
116
105
109
101
46
97
116
32
40
91
54
50
46
49
49
54
46
56
55
46
49
49
93
32
104
101
108
111
61
109
97
105
108
46
117
112
116
105
109
101
46
97
116
41
32
98
121
10
32
32
32
32
117
115
119
45
115
102
45
108
105
115
116
49
46
115
111
117
114
99
101
102
111
114
103
101
46
110
101
116
32
119
105
116
104
32
101
115
109
116
112
32
40
69
120
105
109
32
51
46
51
49
45
86
65
45
109
109
50
32
35
49
32
40
68
101
98
105
97
110
41
41
32
105
100
10
32
32
32
32
49
55
104
115
111
77
45
48
48
48
48
71
101
45
48
48
32
102
111
114
32
60
115
112
97
109
97
115
115
97
115
115
105
110
45
100
101
118
101
108
64
108
105
115
116
115
46
115
111
117
114
99
101
102
111
114
103
101
46
110
101
116
62
59
10
32
32
32
32
84
104
117
44
32
50
50
32
65
117
103
32
50
48
48
50
32
48
55
58
49
57
58
52
55
32
45
48
55
48
48
10
82
101
99
101
105
118
101
100
58
32
102
114
111
109
32
91
49
57
50
46
49
54
56
46
48
46
52
93
32
40
99
104
101
108
108
111
48
54
50
49
55
56
49
52
50
50
49
54
46
52
46
49
52
46
118
105
101
46
115
117
114
102
101
114
46
97
116
10
32
32
32
32
91
54
50
46
49
55
56
46
49
52
50
46
50
49
54
93
41
32
40
97
117
116
104
101
110
116
105
99
97
116
101
100
32
98
105
116
115
61
48
41
32
98
121
32
109
97
105
108
46
117
112
116
105
109
101
46
97
116
32
40
56
46
49
50
46
53
47
56
46
49
50
46
53
41
10
32
32
32
32
119
105
116
104
32
69
83
77
84
80
32
105
100
32
103
55
77
69
73
55
86
112
48
50
50
48
51
54
32
102
111
114
10
32
32
32
32
60
115
112
97
109
97
115
115
97
115
115
105
110
45
100
101
118
101
108
64
108
105
115
116
115
46
115
111
117
114
99
101
102
111
114
103
101
46
110
101
116
62
59
32
84
104
117
44
32
50
50
32
65
117
103
32
50
48
48
50
32
49
54
58
49
56
58
48
55
10
32
32
32
32
43
48
50
48
48
10
85
115
101
114
45
65
103
101
110
116
58
32
77
105
99
114
111
115
111
102
116
45
69
110
116
111
117
114
97
103
101
47
49
48
46
48
46
48
46
49
51
48
57
10
70
114
111
109
58
32
68
97
118
105
100
32
72
61
63
73
83
79
45
56
56
53
57
45
49
63
66
63
57
103
61
61
63
61
104
110
32
60
100
104
64
117
112
116
105
109
101
46
97
116
62
10
84
111
58
32
60
115
112
97
109
97
115
115
97
115
115
105
110
45
100
101
118
101
108
64
101
120
97
109
112
108
101
46
115
111
117
114
99
101
102
111
114
103
101
46
110
101
116
62
10
77
101
115
115
97
103
101
45
73
100
58
32
60
66
57
56
65
66
70
65
52
46
49
70
56
55
37
100
104
64
117
112
116
105
109
101
46
97
116
62
10
77
73
77
69
45
86
101
114
115
105
111
110
58
32
49
46
48
10
88
45
84
114
117
115
116
101
100
58
32
89
69
83
10
88
45
70
114
111
109
45
76
97
112
116
111
112
58
32
89
69
83
10
67
111
110
116
101
110
116
45
84
121
112
101
58
32
116
101
120
116
47
112
108
97
105
110
59
32
99
104
97
114
115
101
116
61
34
85
83
45
65
83
67
73
73
34
10
67
111
110
116
101
110
116
45
84
114
97
110
115
102
101
114
45
69
110
99
111
100
105
110
103
58
32
55
98
105
116
10
88
45
77
97
105
108
115
99
97
110
110
101
114
58
32
78
111
116
104
105
110
103
32
102
111
117
110
100
44
32
98
97
98
121
10
83
117
98
106
101
99
116
58
32
91
83
65
100
101
118
93
32
73
110
116
101
114
101
115
116
105
110
103
32
97
112
112
114
111
97
99
104
32
116
111
32
83
112
97
109
32
104
97
110
100
108
105
110
103
46
46
10
83
101
110
100
101
114
58
32
115
112
97
109
97
115
115
97
115
115
105
110
45
100
101
118
101
108
45
97
100
109
105
110
64
101
120
97
109
112
108
101
46
115
111
117
114
99
101
102
111
114
103
101
46
110
101
116
10
69
114
114
111
114
115
45
84
111
58
32
115
112
97
109
97
115
115
97
115
115
105
110
45
100
101
118
101
108
45
97
100
109
105
110
64
101
120
97
109
112
108
101
46
115
111
117
114
99
101
102
111
114
103
101
46
110
101
116
10
88
45
66
101
101
110
116
104
101
114
101
58
32
115
112
97
109
97
115
115
97
115
115
105
110
45
100
101
118
101
108
64
101
120
97
109
112
108
101
46
115
111
117
114
99
101
102
111
114
103
101
46
110
101
116
10
88
45
77
97
105
108
109
97
110
45
86
101
114
115
105
111
110
58
32
50
46
48
46
57
45
115
102
46
110
101
116
10
80
114
101
99
101
100
101
110
99
101
58
32
98
117
108
107
10
76
105
115
116
45
72
101
108
112
58
32
60
109
97
105
108
116
111
58
115
112
97
109
97
115
115
97
115
115
105
110
45
100
101
118
101
108
45
114
101
113
117
101
115
116
64
101
120
97
109
112
108
101
46
115
111
117
114
99
101
102
111
114
103
101
46
110
101
116
63
115
117
98
106
101
99
116
61
104
101
108
112
62
10
76
105
115
116
45
80
111
115
116
58
32
60
109
97
105
108
116
111
58
115
112
97
109
97
115
115
97
115
115
105
110
45
100
101
118
101
108
64
101
120
97
109
112
108
101
46
115
111
117
114
99
101
102
111
114
103
101
46
110
101
116
62
10
76
105
115
116
45
83
117
98
115
99
114
105
98
101
58
32
60
104
116
116
112
115
58
47
47
101
120
97
109
112
108
101
46
115
111
117
114
99
101
102
111
114
103
101
46
110
101
116
47
108
105
115
116
115
47
108
105
115
116
105
110
102
111
47
115
112
97
109
97
115
115
97
115
115
105
110
45
100
101
118
101
108
62
44
10
32
32
32
32
60
109
97
105
108
116
111
58
115
112
97
109
97
115
115
97
115
115
105
110
45
100
101
118
101
108
45
114
101
113
117
101
115
116
64
108
105
115
116
115
46
115
111
117
114
99
101
102
111
114
103
101
46
110
101
116
63
115
117
98
106
101
99
116
61
115
117
98
115
99
114
105
98
101
62
10
76
105
115
116
45
73
100
58
32
83
112
97
109
65
115
115
97
115
115
105
110
32
68
101
118
101
108
111
112
101
114
115
32
60
115
112
97
109
97
115
115
97
115
115
105
110
45
100
101
118
101
108
46
101
120
97
109
112
108
101
46
115
111
117
114
99
101
102
111
114
103
101
46
110
101
116
62
10
76
105
115
116
45
85
110
115
117
98
115
99
114
105
98
101
58
32
60
104
116
116
112
115
58
47
47
101
120
97
109
112
108
101
46
115
111
117
114
99
101
102
111
114
103
101
46
110
101
116
47
108
105
115
116
115
47
108
105
115
116
105
110
102
111
47
115
112
97
109
97
115
115
97
115
115
105
110
45
100
101
118
101
108
62
44
10
32
32
32
32
60
109
97
105
108
116
111
58
115
112
97
109
97
115
115
97
115
115
105
110
45
100
101
118
101
108
45
114
101
113
117
101
115
116
64
108
105
115
116
115
46
115
111
117
114
99
101
102
111
114
103
101
46
110
101
116
63
115
117
98
106
101
99
116
61
117
110
115
117
98
115
99
114
105
98
101
62
10
76
105
115
116
45
65
114
99
104
105
118
101
58
32
60
104
116
116
112
58
47
47
119
119
119
46
103
101
111
99
114
97
119
108
101
114
46
99
111
109
47
114
101
100
105
114
45
115
102
46
112
104
112
51
63
108
105
115
116
61
115
112
97
109
97
115
115
97
115
115
105
110
45
100
101
118
101
108
62
10
88
45
79
114
105
103
105
110
97
108
45
68
97
116
101
58
32
84
104
117
44
32
50
50
32
65
117
103
32
50
48
48
50
32
49
54
58
49
57
58
52
56
32
43
48
50
48
48
10
68
97
116
101
58
32
84
104
117
44
32
50
50
32
65
117
103
32
50
48
48
50
32
49
54
58
49
57
58
52
56
32
43
48
50
48
48
10
10
72
101
108
108
111
44
32
104
97
118
101
32
121
111
117
32
115
101
101
110
32
97
110
100
32
100
105
115
99
117
115
115
101
100
32
116
104
105
115
32
97
114
116
105
99
108
101
32
97
110
100
32
104
105
115
32
97
112
112
114
111
97
99
104
63
10
10
84
104
97
110
107
32
121
111
117
10
10
104
116
116
112
58
47
47
119
119
119
46
112
97
117
108
103
114
97
104
97
109
46
99
111
109
47
115
112
97
109
46
104
116
109
108
10
45
45
32
34
72
101
108
108
44
32
116
104
101
114
101
32
97
114
101
32
110
111
32
114
117
108
101
115
32
104
101
114
101
45
45
32
119
101
39
114
101
32
116
114
121
105
110
103
32
116
111
32
97
99
99
111
109
112
108
105
115
104
32
115
111
109
101
116
104
105
110
103
46
34
10
45
45
32
84
104
111
109
97
115
32
65
108
118
97
32
69
100
105
115
111
110
10
10
10
10
10
45
45
45
45
45
45
45
45
45
45
45
45
45
45
45
45
45
45
45
45
45
45
45
45
45
45
45
45
45
45
45
45
45
45
45
45
45
45
45
45
45
45
45
45
45
45
45
45
45
45
45
45
45
45
45
10
84
104
105
115
32
115
102
46
110
101
116
32
101
109
97
105
108
32
105
115
32
115
112
111
110
115
111
114
101
100
32
98
121
58
32
79
83
68
78
32
45
32
84
105
114
101
100
32
111
102
32
116
104
97
116
32
115
97
109
101
32
111
108
100
10
99
101
108
108
32
112
104
111
110
101
63
32
32
71
101
116
32
97
32
110
101
119
32
104
101
114
101
32
102
111
114
32
70
82
69
69
33
10
104
116
116
112
115
58
47
47
119
119
119
46
105
110
112
104
111
110
105
99
46
99
111
109
47
114
46
97
115
112
63
114
61
115
111
117
114
99
101
102
111
114
103
101
49
38
114
101
102
99
111
100
101
49
61
118
115
51
51
57
48
10
95
95
95
95
95
95
95
95
95
95
95
95
95
95
95
95
95
95
95
95
95
95
95
95
95
95
95
95
95
95
95
95
95
95
95
95
95
95
95
95
95
95
95
95
95
95
95
10
83
112
97
109
97
115
115
97
115
115
105
110
45
100
101
118
101
108
32
109
97
105
108
105
110
103
32
108
105
115
116
10
83
112
97
109
97
115
115
97
115
115
105
110
45
100
101
118
101
108
64
108
105
115
116
115
46
115
111
117
114
99
101
102
111
114
103
101
46
110
101
116
10
104
116
116
112
115
58
47
47
108
105
115
116
115
46
115
111
117
114
99
101
102
111
114
103
101
46
110
101
116
47
108
105
115
116
115
47
108
105
115
116
105
110
102
111
47
115
112
97
109
97
115
115
97
115
115
105
110
45
100
101
118
101
108
10
10
