70
114
111
109
32
109
97
114
116
105
110
64
115
114
118
48
46
101
109
115
46
101
100
46
97
99
46
117
107
32
32
84
104
117
32
65
117
103
32
50
50
32
49
52
58
53
52
58
52
48
32
50
48
48
50
10
82
101
116
117
114
110
45
80
97
116
104
58
32
60
109
97
114
116
105
110
64
115
114
118
48
46
101
109
115
46
101
100
46
97
99
46
117
107
62
10
68
101
108
105
118
101
114
101
100
45
84
111
58
32
122
122
122
122
64
108
111
99
97
108
104
111
115
116
46
110
101
116
110
111
116
101
105
110
99
46
99
111
109
10
82
101
99
101
105
118
101
100
58
32
102
114
111
109
32
108
111
99
97
108
104
111
115
116
32
40
108
111
99
97
108
104
111
115
116
32
91
49
50
55
46
48
46
48
46
49
93
41
10
9
98
121
32
112
104
111
98
111
115
46
108
97
98
115
46
110
101
116
110
111
116
101
105
110
99
46
99
111
109
32
40
80
111
115
116
102
105
120
41
32
119
105
116
104
32
69
83
77
84
80
32
105
100
32
69
51
68
55
66
52
55
67
54
54
10
9
102
111
114
32
60
122
122
122
122
64
108
111
99
97
108
104
111
115
116
62
59
32
84
104
117
44
32
50
50
32
65
117
103
32
50
48
48
50
32
48
57
58
53
52
58
51
57
32
45
48
52
48
48
32
40
69
68
84
41
10
82
101
99
101
105
118
101
100
58
32
102
114
111
109
32
112
104
111
98
111
115
32
91
49
50
55
46
48
46
48
46
49
93
10
9
98
121
32
108
111
99
97
108
104
111
115
116
32
119
105
116
104
32
73
77
65
80
32
40
102
101
116
99
104
109
97
105
108
45
53
46
57
46
48
41
10
9
102
111
114
32
122
122
122
122
64
108
111
99
97
108
104
111
115
116
32
40
115
105
110
103
108
101
45
100
114
111
112
41
59
32
84
104
117
44
32
50
50
32
65
117
103
32
50
48
48
50
32
49
52
58
53
52
58
52
48
32
43
48
49
48
48
32
40
73
83
84
41
10
82
101
99
101
105
118
101
100
58
32
102
114
111
109
32
110
49
49
46
103
114
112
46
115
99
100
46
121
97
104
111
111
46
99
111
109
32
40
110
49
49
46
103
114
112
46
115
99
100
46
121
97
104
111
111
46
99
111
109
10
32
32
32
32
91
54
54
46
50
49
56
46
54
54
46
54
54
93
41
32
98
121
32
100
111
103
109
97
46
115
108
97
115
104
110
117
108
108
46
111
114
103
32
40
56
46
49
49
46
54
47
56
46
49
49
46
54
41
32
119
105
116
104
32
83
77
84
80
32
105
100
10
32
32
32
32
103
55
77
68
116
56
90
48
57
49
57
51
32
102
111
114
32
60
122
122
122
122
64
115
112
97
109
97
115
115
97
115
115
105
110
46
116
97
105
110
116
46
111
114
103
62
59
32
84
104
117
44
32
50
50
32
65
117
103
32
50
48
48
50
32
49
52
58
53
53
58
49
48
32
43
48
49
48
48
10
88
45
69
103
114
111
117
112
115
45
82
101
116
117
114
110
58
32
115
101
110
116
116
111
45
50
50
52
50
53
55
50
45
53
50
55
51
56
45
49
48
51
48
48
50
52
52
57
57
45
122
122
122
122
61
115
112
97
109
97
115
115
97
115
115
105
110
46
116
97
105
110
116
46
111
114
103
64
114
101
116
117
114
110
115
46
103
114
111
117
112
115
46
121
97
104
111
111
46
99
111
109
10
82
101
99
101
105
118
101
100
58
32
102
114
111
109
32
91
54
54
46
50
49
56
46
54
54
46
57
52
93
32
98
121
32
110
49
49
46
103
114
112
46
115
99
100
46
121
97
104
111
111
46
99
111
109
32
119
105
116
104
32
78
78
70
77
80
59
10
32
32
32
32
50
50
32
65
117
103
32
50
48
48
50
32
49
51
58
53
53
58
48
51
32
45
48
48
48
48
10
88
45
83
101
110
100
101
114
58
32
109
97
114
116
105
110
64
115
114
118
48
46
101
109
115
46
101
100
46
97
99
46
117
107
10
88
45
65
112
112
97
114
101
110
116
108
121
45
84
111
58
32
122
122
122
122
116
101
97
110
97
64
121
97
104
111
111
103
114
111
117
112
115
46
99
111
109
10
82
101
99
101
105
118
101
100
58
32
40
69
71
80
58
32
109
97
105
108
45
56
95
49
95
48
95
49
41
59
32
50
50
32
65
117
103
32
50
48
48
50
32
49
51
58
53
52
58
53
57
32
45
48
48
48
48
10
82
101
99
101
105
118
101
100
58
32
40
113
109
97
105
108
32
52
51
48
51
57
32
105
110
118
111
107
101
100
32
102
114
111
109
32
110
101
116
119
111
114
107
41
59
32
50
50
32
65
117
103
32
50
48
48
50
32
49
51
58
53
52
58
53
56
32
45
48
48
48
48
10
82
101
99
101
105
118
101
100
58
32
102
114
111
109
32
117
110
107
110
111
119
110
32
40
54
54
46
50
49
56
46
54
54
46
50
49
54
41
32
98
121
32
109
49
46
103
114
112
46
115
99
100
46
121
97
104
111
111
46
99
111
109
32
119
105
116
104
32
81
77
81
80
59
10
32
32
32
32
50
50
32
65
117
103
32
50
48
48
50
32
49
51
58
53
52
58
53
56
32
45
48
48
48
48
10
82
101
99
101
105
118
101
100
58
32
102
114
111
109
32
117
110
107
110
111
119
110
32
40
72
69
76
79
32
104
97
121
109
97
114
107
101
116
46
101
100
46
97
99
46
117
107
41
32
40
49
50
57
46
50
49
53
46
49
50
56
46
53
51
41
32
98
121
10
32
32
32
32
109
116
97
49
46
103
114
112
46
115
99
100
46
121
97
104
111
111
46
99
111
109
32
119
105
116
104
32
83
77
84
80
59
32
50
50
32
65
117
103
32
50
48
48
50
32
49
51
58
53
52
58
53
56
32
45
48
48
48
48
10
82
101
99
101
105
118
101
100
58
32
102
114
111
109
32
115
114
118
48
46
101
109
115
46
101
100
46
97
99
46
117
107
32
40
115
114
118
48
46
101
109
115
46
101
100
46
97
99
46
117
107
32
91
49
50
57
46
50
49
53
46
49
49
55
46
48
93
41
32
98
121
10
32
32
32
32
104
97
121
109
97
114
107
101
116
46
101
100
46
97
99
46
117
107
32
40
56
46
49
49
46
54
47
56
46
49
49
46
54
41
32
119
105
116
104
32
69
83
77
84
80
32
105
100
32
103
55
77
68
115
118
51
49
49
55
52
53
32
102
111
114
10
32
32
32
32
60
102
111
114
116
101
97
110
97
64
121
97
104
111
111
103
114
111
117
112
115
46
99
111
109
62
59
32
84
104
117
44
32
50
50
32
65
117
103
32
50
48
48
50
32
49
52
58
53
52
58
53
55
32
43
48
49
48
48
32
40
66
83
84
41
10
82
101
99
101
105
118
101
100
58
32
102
114
111
109
32
69
77
83
45
83
82
86
48
47
83
112
111
111
108
68
105
114
32
98
121
32
115
114
118
48
46
101
109
115
46
101
100
46
97
99
46
117
107
32
40
77
101
114
99
117
114
121
32
49
46
52
52
41
59
10
32
32
32
32
50
50
32
65
117
103
32
48
50
32
49
52
58
53
52
58
53
54
32
43
48
48
48
48
10
82
101
99
101
105
118
101
100
58
32
102
114
111
109
32
83
112
111
111
108
68
105
114
32
98
121
32
69
77
83
45
83
82
86
48
32
40
77
101
114
99
117
114
121
32
49
46
52
52
41
59
32
50
50
32
65
117
103
32
48
50
32
49
52
58
53
52
58
50
57
32
43
48
48
48
48
10
79
114
103
97
110
105
122
97
116
105
111
110
58
32
77
97
110
97
103
101
109
101
110
116
32
83
99
104
111
111
108
10
84
111
58
32
122
122
122
122
116
101
97
110
97
64
121
97
104
111
111
103
114
111
117
112
115
46
99
111
109
10
77
101
115
115
97
103
101
45
73
100
58
32
60
51
68
54
52
70
66
50
55
46
49
56
53
51
56
46
54
51
68
69
67
49
55
64
108
111
99
97
108
104
111
115
116
62
10
80
114
105
111
114
105
116
121
58
32
110
111
114
109
97
108
10
88
45
77
97
105
108
101
114
58
32
80
101
103
97
115
117
115
32
77
97
105
108
32
102
111
114
32
87
105
110
100
111
119
115
32
40
118
52
46
48
49
41
10
67
111
110
116
101
110
116
45
68
101
115
99
114
105
112
116
105
111
110
58
32
77
97
105
108
32
109
101
115
115
97
103
101
32
98
111
100
121
10
70
114
111
109
58
32
34
77
97
114
116
105
110
32
65
100
97
109
115
111
110
34
32
60
109
97
114
116
105
110
64
115
114
118
48
46
101
109
115
46
101
100
46
97
99
46
117
107
62
10
77
73
77
69
45
86
101
114
115
105
111
110
58
32
49
46
48
10
77
97
105
108
105
110
103
45
76
105
115
116
58
32
108
105
115
116
32
122
122
122
122
116
101
97
110
97
64
121
97
104
111
111
103
114
111
117
112
115
46
99
111
109
59
32
99
111
110
116
97
99
116
10
32
32
32
32
102
111
114
116
101
97
110
97
45
111
119
110
101
114
64
121
97
104
111
111
103
114
111
117
112
115
46
99
111
109
10
68
101
108
105
118
101
114
101
100
45
84
111
58
32
109
97
105
108
105
110
103
32
108
105
115
116
32
122
122
122
122
116
101
97
110
97
64
121
97
104
111
111
103
114
111
117
112
115
46
99
111
109
10
80
114
101
99
101
100
101
110
99
101
58
32
98
117
108
107
10
76
105
115
116
45
85
110
115
117
98
115
99
114
105
98
101
58
32
60
109
97
105
108
116
111
58
122
122
122
122
116
101
97
110
97
45
117
110
115
117
98
115
99
114
105
98
101
64
121
97
104
111
111
103
114
111
117
112
115
46
99
111
109
62
10
68
97
116
101
58
32
84
104
117
44
32
50
50
32
65
117
103
32
50
48
48
50
32
49
52
58
53
52
58
50
53
32
43
48
49
48
48
10
83
117
98
106
101
99
116
58
32
91
122
122
122
122
116
101
97
110
97
93
32
80
108
97
121
98
111
121
32
119
97
110
116
115
32
116
111
32
103
111
32
111
117
116
32
119
105
116
104
32
97
32
98
97
110
103
10
82
101
112
108
121
45
84
111
58
32
122
122
122
122
116
101
97
110
97
64
121
97
104
111
111
103
114
111
117
112
115
46
99
111
109
10
67
111
110
116
101
110
116
45
84
121
112
101
58
32
116
101
120
116
47
112
108
97
105
110
59
32
99
104
97
114
115
101
116
61
73
83
79
45
56
56
53
57
45
49
10
67
111
110
116
101
110
116
45
84
114
97
110
115
102
101
114
45
69
110
99
111
100
105
110
103
58
32
56
98
105
116
10
88
45
77
73
77
69
45
65
117
116
111
99
111
110
118
101
114
116
101
100
58
32
102
114
111
109
32
113
117
111
116
101
100
45
112
114
105
110
116
97
98
108
101
32
116
111
32
56
98
105
116
32
98
121
32
100
111
103
109
97
46
115
108
97
115
104
110
117
108
108
46
111
114
103
10
32
32
32
32
105
100
32
103
55
77
68
116
56
90
48
57
49
57
51
10
10
84
104
101
32
83
99
111
116
115
109
97
110
32
45
32
50
50
32
65
117
103
117
115
116
32
50
48
48
50
10
10
32
80
108
97
121
98
111
121
32
119
97
110
116
115
32
116
111
32
103
111
32
111
117
116
32
119
105
116
104
32
97
32
98
97
110
103
32
10
32
10
32
10
32
65
78
32
65
71
69
73
78
71
32
66
101
114
108
105
110
32
112
108
97
121
98
111
121
32
104
97
115
32
99
111
109
101
32
117
112
32
119
105
116
104
32
97
110
32
117
110
117
115
117
97
108
32
111
102
102
101
114
32
116
111
32
108
117
114
101
32
119
111
109
101
110
32
105
110
116
111
10
32
104
105
115
32
98
101
100
32
45
32
98
121
32
112
114
111
109
105
115
105
110
103
32
116
104
101
32
108
97
115
116
32
119
111
109
97
110
32
104
101
32
115
108
101
101
112
115
32
119
105
116
104
32
97
110
32
105
110
104
101
114
105
116
97
110
99
101
32
111
102
32
50
53
48
44
48
48
48
10
32
40
163
49
54
48
44
48
48
48
41
46
32
10
32
10
32
82
111
108
102
32
69
100
101
110
44
32
55
50
44
32
97
32
66
101
114
108
105
110
32
100
105
115
99
111
32
111
119
110
101
114
32
102
97
109
111
117
115
32
102
111
114
32
104
105
115
32
99
111
117
110
116
108
101
115
115
32
115
101
120
32
112
97
114
116
110
101
114
115
44
10
32
115
97
105
100
32
104
101
32
99
111
117
108
100
32
105
109
97
103
105
110
101
32
110
111
32
98
101
116
116
101
114
32
119
97
121
32
116
111
32
100
105
101
32
116
104
97
110
32
105
110
32
116
104
101
32
97
114
109
115
32
111
102
32
97
110
32
97
116
116
114
97
99
116
105
118
101
10
32
121
111
117
110
103
32
119
111
109
97
110
32
45
32
112
114
101
102
101
114
97
98
108
121
32
117
110
100
101
114
32
51
48
46
32
10
32
10
32
34
73
32
112
117
116
32
105
116
32
97
108
108
32
105
110
32
109
121
32
108
97
115
116
32
119
105
108
108
32
97
110
100
32
116
101
115
116
97
109
101
110
116
32
45
32
116
104
101
32
108
97
115
116
32
119
111
109
97
110
32
119
104
111
32
115
108
101
101
112
115
32
119
105
116
104
10
32
109
101
32
103
101
116
115
32
97
108
108
32
116
104
101
32
109
111
110
101
121
44
34
32
77
114
32
69
100
101
110
32
116
111
108
100
32
66
105
108
100
32
110
101
119
115
112
97
112
101
114
46
32
10
32
10
32
34
73
32
119
97
110
116
32
116
111
32
112
97
115
115
32
97
119
97
121
32
105
110
32
116
104
101
32
109
111
115
116
32
98
101
97
117
116
105
102
117
108
32
109
111
109
101
110
116
32
111
102
32
109
121
32
108
105
102
101
46
32
70
105
114
115
116
32
97
32
108
111
116
32
111
102
10
32
102
117
110
32
119
105
116
104
32
97
32
98
101
97
117
116
105
102
117
108
32
119
111
109
97
110
44
32
116
104
101
110
32
119
105
108
100
32
115
101
120
44
32
97
32
102
105
110
97
108
32
111
114
103
97
115
109
32
45
32
97
110
100
32
105
116
32
119
105
108
108
32
97
108
108
10
32
101
110
100
32
119
105
116
104
32
97
32
104
101
97
114
116
32
97
116
116
97
99
107
32
97
110
100
32
116
104
101
110
32
73
146
109
32
103
111
110
101
46
34
32
10
32
10
32
77
114
32
69
100
101
110
44
32
119
104
111
32
105
115
32
115
101
108
108
105
110
103
32
104
105
115
32
110
105
103
104
116
99
108
117
98
32
116
104
105
115
32
121
101
97
114
44
32
115
97
105
100
32
97
112
112
108
105
99
97
116
105
111
110
115
32
115
104
111
117
108
100
32
98
101
10
32
115
101
110
116
32
105
110
32
113
117
105
99
107
108
121
32
98
101
99
97
117
115
101
32
111
102
32
104
105
115
32
97
103
101
46
32
34
73
116
32
99
111
117
108
100
32
101
110
100
32
118
101
114
121
32
115
111
111
110
44
34
32
104
101
32
115
97
105
100
46
10
10
10
45
45
45
45
45
45
45
45
45
45
45
45
45
45
45
45
45
45
45
45
45
45
45
45
32
89
97
104
111
111
33
32
71
114
111
117
112
115
32
83
112
111
110
115
111
114
32
45
45
45
45
45
45
45
45
45
45
45
45
45
45
45
45
45
45
45
45
45
126
45
45
62
10
52
32
68
86
68
115
32
70
114
101
101
32
43
115
38
112
32
74
111
105
110
32
78
111
119
10
104
116
116
112
58
47
47
117
115
46
99
108
105
99
107
46
121
97
104
111
111
46
99
111
109
47
112
116
54
89
66
66
47
78
88
105
69
65
65
47
109
71
51
72
65
65
47
55
103
83
111
108
66
47
84
77
10
45
45
45
45
45
45
45
45
45
45
45
45
45
45
45
45
45
45
45
45
45
45
45
45
45
45
45
45
45
45
45
45
45
45
45
45
45
45
45
45
45
45
45
45
45
45
45
45
45
45
45
45
45
45
45
45
45
45
45
45
45
45
45
45
45
45
45
45
45
126
45
62
10
10
84
111
32
117
110
115
117
98
115
99
114
105
98
101
32
102
114
111
109
32
116
104
105
115
32
103
114
111
117
112
44
32
115
101
110
100
32
97
110
32
101
109
97
105
108
32
116
111
58
10
102
111
114
116
101
97
110
97
45
117
110
115
117
98
115
99
114
105
98
101
64
101
103
114
111
117
112
115
46
99
111
109
10
10
32
10
10
89
111
117
114
32
117
115
101
32
111
102
32
89
97
104
111
111
33
32
71
114
111
117
112
115
32
105
115
32
115
117
98
106
101
99
116
32
116
111
32
104
116
116
112
58
47
47
100
111
99
115
46
121
97
104
111
111
46
99
111
109
47
105
110
102
111
47
116
101
114
109
115
47
32
10
10
10
10
