70
114
111
109
32
105
108
117
103
45
97
100
109
105
110
64
108
105
110
117
120
46
105
101
32
32
84
104
117
32
65
117
103
32
50
50
32
49
55
58
52
53
58
53
51
32
50
48
48
50
10
82
101
116
117
114
110
45
80
97
116
104
58
32
60
105
108
117
103
45
97
100
109
105
110
64
108
105
110
117
120
46
105
101
62
10
68
101
108
105
118
101
114
101
100
45
84
111
58
32
122
122
122
122
64
108
111
99
97
108
104
111
115
116
46
110
101
116
110
111
116
101
105
110
99
46
99
111
109
10
82
101
99
101
105
118
101
100
58
32
102
114
111
109
32
108
111
99
97
108
104
111
115
116
32
40
108
111
99
97
108
104
111
115
116
32
91
49
50
55
46
48
46
48
46
49
93
41
10
9
98
121
32
112
104
111
98
111
115
46
108
97
98
115
46
110
101
116
110
111
116
101
105
110
99
46
99
111
109
32
40
80
111
115
116
102
105
120
41
32
119
105
116
104
32
69
83
77
84
80
32
105
100
32
48
56
66
67
49
52
51
70
57
57
10
9
102
111
114
32
60
122
122
122
122
64
108
111
99
97
108
104
111
115
116
62
59
32
84
104
117
44
32
50
50
32
65
117
103
32
50
48
48
50
32
49
50
58
52
53
58
53
51
32
45
48
52
48
48
32
40
69
68
84
41
10
82
101
99
101
105
118
101
100
58
32
102
114
111
109
32
112
104
111
98
111
115
32
91
49
50
55
46
48
46
48
46
49
93
10
9
98
121
32
108
111
99
97
108
104
111
115
116
32
119
105
116
104
32
73
77
65
80
32
40
102
101
116
99
104
109
97
105
108
45
53
46
57
46
48
41
10
9
102
111
114
32
122
122
122
122
64
108
111
99
97
108
104
111
115
116
32
40
115
105
110
103
108
101
45
100
114
111
112
41
59
32
84
104
117
44
32
50
50
32
65
117
103
32
50
48
48
50
32
49
55
58
52
53
58
53
51
32
43
48
49
48
48
32
40
73
83
84
41
10
82
101
99
101
105
118
101
100
58
32
102
114
111
109
32
108
117
103
104
46
116
117
97
116
104
97
46
111
114
103
32
40
114
111
111
116
64
108
117
103
104
46
116
117
97
116
104
97
46
111
114
103
32
91
49
57
52
46
49
50
53
46
49
52
53
46
52
53
93
41
32
98
121
10
32
32
32
32
100
111
103
109
97
46
115
108
97
115
104
110
117
108
108
46
111
114
103
32
40
56
46
49
49
46
54
47
56
46
49
49
46
54
41
32
119
105
116
104
32
69
83
77
84
80
32
105
100
32
103
55
77
71
98
75
90
49
52
57
51
51
32
102
111
114
10
32
32
32
32
60
122
122
122
122
45
105
108
117
103
64
115
112
97
109
97
115
115
97
115
115
105
110
46
116
97
105
110
116
46
111
114
103
62
59
32
84
104
117
44
32
50
50
32
65
117
103
32
50
48
48
50
32
49
55
58
51
55
58
50
48
32
43
48
49
48
48
10
82
101
99
101
105
118
101
100
58
32
102
114
111
109
32
108
117
103
104
32
40
114
111
111
116
64
108
111
99
97
108
104
111
115
116
32
91
49
50
55
46
48
46
48
46
49
93
41
32
98
121
32
108
117
103
104
46
116
117
97
116
104
97
46
111
114
103
10
32
32
32
32
40
56
46
57
46
51
47
56
46
57
46
51
41
32
119
105
116
104
32
69
83
77
84
80
32
105
100
32
82
65
65
49
48
54
57
52
59
32
84
104
117
44
32
50
50
32
65
117
103
32
50
48
48
50
32
49
55
58
51
54
58
50
55
32
43
48
49
48
48
10
82
101
99
101
105
118
101
100
58
32
102
114
111
109
32
109
111
101
46
106
105
110
110
121
46
105
101
32
40
91
49
57
51
46
49
50
48
46
49
55
49
46
51
93
41
32
98
121
32
108
117
103
104
46
116
117
97
116
104
97
46
111
114
103
10
32
32
32
32
40
56
46
57
46
51
47
56
46
57
46
51
41
32
119
105
116
104
32
69
83
77
84
80
32
105
100
32
82
65
65
49
48
54
54
57
32
102
111
114
32
60
105
108
117
103
64
108
105
110
117
120
46
105
101
62
59
32
84
104
117
44
10
32
32
32
32
50
50
32
65
117
103
32
50
48
48
50
32
49
55
58
51
54
58
50
48
32
43
48
49
48
48
10
88
45
65
117
116
104
101
110
116
105
99
97
116
105
111
110
45
87
97
114
110
105
110
103
58
32
108
117
103
104
46
116
117
97
116
104
97
46
111
114
103
58
32
72
111
115
116
32
91
49
57
51
46
49
50
48
46
49
55
49
46
51
93
32
99
108
97
105
109
101
100
32
116
111
10
32
32
32
32
98
101
32
109
111
101
46
106
105
110
110
121
46
105
101
10
82
101
99
101
105
118
101
100
58
32
102
114
111
109
32
106
108
111
111
110
101
121
46
106
105
110
110
121
46
105
101
32
40
117
110
107
110
111
119
110
32
91
49
57
51
46
49
50
48
46
49
55
49
46
50
93
41
32
98
121
32
109
111
101
46
106
105
110
110
121
46
105
101
10
32
32
32
32
40
80
111
115
116
102
105
120
41
32
119
105
116
104
32
69
83
77
84
80
32
105
100
32
67
57
48
54
65
55
70
67
52
56
32
102
111
114
32
60
105
108
117
103
64
108
105
110
117
120
46
105
101
62
59
32
84
104
117
44
10
32
32
32
32
50
50
32
65
117
103
32
50
48
48
50
32
49
55
58
51
54
58
49
57
32
43
48
49
48
48
32
40
73
83
84
41
10
82
101
99
101
105
118
101
100
58
32
98
121
32
106
108
111
111
110
101
121
46
106
105
110
110
121
46
105
101
32
40
80
111
115
116
102
105
120
44
32
102
114
111
109
32
117
115
101
114
105
100
32
53
48
48
41
32
105
100
32
48
57
69
55
69
56
66
49
59
10
32
32
32
32
84
104
117
44
32
50
50
32
65
117
103
32
50
48
48
50
32
49
55
58
51
54
58
52
50
32
43
48
49
48
48
32
40
73
83
84
41
10
68
97
116
101
58
32
84
104
117
44
32
50
50
32
65
117
103
32
50
48
48
50
32
49
55
58
51
54
58
52
49
32
43
48
49
48
48
10
70
114
111
109
58
32
34
74
111
104
110
32
80
46
32
76
111
111
110
101
121
34
32
60
118
97
108
101
110
64
116
117
97
116
104
97
46
111
114
103
62
10
84
111
58
32
73
76
85
71
32
60
105
108
117
103
64
108
105
110
117
120
46
105
101
62
10
83
117
98
106
101
99
116
58
32
82
101
58
32
91
73
76
85
71
93
32
83
117
110
32
83
111
108
97
114
105
115
46
46
10
77
101
115
115
97
103
101
45
73
100
58
32
60
50
48
48
50
48
56
50
50
49
54
51
54
52
49
46
71
78
51
54
55
48
64
106
105
110
110
121
46
105
101
62
10
82
101
112
108
121
45
84
111
58
32
105
108
117
103
64
108
105
110
117
120
46
105
101
10
77
97
105
108
45
70
111
108
108
111
119
117
112
45
84
111
58
32
73
76
85
71
32
60
105
108
117
103
64
108
105
110
117
120
46
105
101
62
10
82
101
102
101
114
101
110
99
101
115
58
32
60
52
53
49
51
48
70
66
69
50
70
50
48
51
54
52
57
65
52
66
65
66
68
66
56
52
56
65
57
67
57
68
48
48
69
57
67
56
65
64
101
110
116
101
114
112
114
105
115
101
46
119
97
115
112
116
101
99
104
46
99
111
109
62
10
77
73
77
69
45
86
101
114
115
105
111
110
58
32
49
46
48
10
67
111
110
116
101
110
116
45
84
121
112
101
58
32
116
101
120
116
47
112
108
97
105
110
59
32
99
104
97
114
115
101
116
61
117
115
45
97
115
99
105
105
10
67
111
110
116
101
110
116
45
68
105
115
112
111
115
105
116
105
111
110
58
32
105
110
108
105
110
101
10
73
110
45
82
101
112
108
121
45
84
111
58
32
60
52
53
49
51
48
70
66
69
50
70
50
48
51
54
52
57
65
52
66
65
66
68
66
56
52
56
65
57
67
57
68
48
48
69
57
67
56
65
64
101
110
116
101
114
112
114
105
115
101
46
119
97
115
112
116
101
99
104
46
99
111
109
62
10
85
115
101
114
45
65
103
101
110
116
58
32
77
117
116
116
47
49
46
52
105
10
88
45
79
115
58
32
82
101
100
32
72
97
116
32
76
105
110
117
120
32
55
46
51
47
76
105
110
117
120
32
50
46
52
46
49
56
45
51
10
88
45
85
114
108
58
32
104
116
116
112
58
47
47
119
119
119
46
114
101
100
98
114
105
99
107
46
100
99
117
46
105
101
47
126
118
97
108
101
110
10
88
45
71
110
117
112
103
45
80
117
98
108
105
99
107
101
121
58
32
104
116
116
112
58
47
47
119
119
119
46
114
101
100
98
114
105
99
107
46
100
99
117
46
105
101
47
126
118
97
108
101
110
47
112
117
98
108
105
99
46
97
115
99
10
83
101
110
100
101
114
58
32
105
108
117
103
45
97
100
109
105
110
64
108
105
110
117
120
46
105
101
10
69
114
114
111
114
115
45
84
111
58
32
105
108
117
103
45
97
100
109
105
110
64
108
105
110
117
120
46
105
101
10
88
45
77
97
105
108
109
97
110
45
86
101
114
115
105
111
110
58
32
49
46
49
10
80
114
101
99
101
100
101
110
99
101
58
32
98
117
108
107
10
76
105
115
116
45
73
100
58
32
73
114
105
115
104
32
76
105
110
117
120
32
85
115
101
114
115
39
32
71
114
111
117
112
32
60
105
108
117
103
46
108
105
110
117
120
46
105
101
62
10
88
45
66
101
101
110
116
104
101
114
101
58
32
105
108
117
103
64
108
105
110
117
120
46
105
101
10
10
79
110
32
84
104
117
44
32
65
117
103
32
50
50
44
32
50
48
48
50
32
97
116
32
48
53
58
49
51
58
48
49
80
77
32
43
48
49
48
48
44
32
70
101
114
103
97
108
32
77
111
114
97
110
32
109
101
110
116
105
111
110
101
100
58
10
62
32
73
110
32
97
32
110
117
116
115
104
101
108
108
32
45
32
83
111
108
97
114
105
115
32
105
115
32
83
117
110
115
32
111
119
110
32
102
108
97
118
111
117
114
32
111
102
32
85
78
73
88
46
10
10
32
84
104
111
117
103
104
32
73
39
109
32
115
117
114
101
32
116
104
97
116
32
116
104
105
115
32
110
105
99
101
32
112
101
114
115
111
110
32
119
111
117
108
100
32
108
105
107
101
32
97
32
98
105
116
32
109
111
114
101
32
100
101
116
97
105
108
46
10
10
32
83
111
108
97
114
105
115
32
105
115
32
113
117
105
116
101
32
100
105
102
102
101
114
101
110
116
32
116
111
32
76
105
110
117
120
44
32
116
104
111
117
103
104
32
116
104
101
115
101
32
100
97
121
115
32
121
111
117
32
99
97
110
32
109
97
107
101
10
115
111
108
97
114
105
115
32
97
99
116
32
97
32
108
111
116
32
108
105
107
101
32
108
105
110
117
120
32
119
105
116
104
32
97
110
32
101
120
116
114
97
32
67
68
32
111
102
32
71
78
85
32
116
111
111
108
115
32
83
117
110
32
115
104
105
112
32
119
105
116
104
10
115
111
108
97
114
105
115
46
32
73
116
32
105
115
32
98
97
115
101
100
32
111
110
32
116
104
101
32
83
121
115
86
32
117
110
105
120
32
102
97
109
105
108
121
44
32
115
111
32
105
116
39
115
32
113
117
105
116
101
32
115
105
109
105
108
97
114
32
116
111
10
111
116
104
101
114
32
117
110
105
120
101
110
32
108
105
107
101
32
72
80
85
88
32
97
110
100
32
83
67
79
46
10
10
32
83
117
110
39
115
32
104
97
114
100
119
97
114
101
32
105
110
32
103
101
110
101
114
97
108
32
105
115
32
109
111
114
101
32
114
101
108
105
97
98
108
101
44
32
97
110
100
32
97
32
108
111
116
32
109
111
114
101
32
101
120
112
101
110
115
105
118
101
46
32
79
110
101
10
111
102
32
116
104
101
32
109
97
105
110
32
98
111
110
117
115
101
115
32
121
111
117
32
103
101
116
32
98
121
32
98
117
121
105
110
103
32
83
117
110
32
105
115
32
116
104
97
116
32
121
111
117
32
97
114
101
32
103
101
116
116
105
110
103
32
121
111
117
114
10
104
97
114
100
119
97
114
101
32
97
110
100
32
115
111
102
116
119
97
114
101
32
102
114
111
109
32
111
110
101
32
99
111
109
112
97
110
121
44
32
115
111
32
105
102
32
121
111
117
32
104
97
118
101
32
97
32
115
117
112
112
111
114
116
32
99
111
110
116
114
97
99
116
44
10
116
104
101
121
32
104
97
118
101
32
116
111
32
102
105
120
32
105
116
46
32
84
104
101
121
32
99
97
110
39
116
32
102
111
98
32
121
111
117
32
111
102
102
32
119
105
116
104
32
39
116
104
97
116
39
115
32
97
32
115
111
102
116
119
97
114
101
10
112
114
111
98
108
101
109
44
32
116
97
108
107
32
116
111
32
116
104
101
32
115
111
102
116
119
97
114
101
32
118
101
110
100
111
114
46
39
32
101
116
99
46
10
10
32
73
102
32
121
111
117
32
97
114
101
32
115
101
116
32
111
110
32
76
105
110
117
120
44
32
121
111
117
32
109
111
115
116
32
108
105
107
101
108
121
32
99
97
110
32
100
111
32
121
111
117
114
32
111
119
110
32
115
117
112
112
111
114
116
46
32
84
104
101
114
101
10
105
115
32
116
104
101
110
32
97
32
119
111
114
108
100
32
111
102
32
100
105
102
102
101
114
101
110
116
32
104
97
114
100
119
97
114
101
32
111
112
116
105
111
110
115
46
32
89
111
117
32
99
97
110
32
114
117
110
32
76
105
110
117
120
32
111
110
32
83
112
97
114
99
44
10
116
104
111
117
103
104
32
115
111
109
101
32
99
111
109
112
97
110
105
101
115
32
108
105
107
101
32
82
101
100
72
97
116
32
100
111
110
39
116
32
109
97
105
110
116
97
105
110
32
97
32
115
112
97
114
99
32
112
111
114
116
32
97
110
121
109
111
114
101
46
10
10
32
89
111
117
32
99
97
110
32
97
108
115
111
32
98
117
121
32
121
111
117
114
32
109
97
99
104
105
110
101
32
102
114
111
109
32
108
105
110
117
120
45
111
114
105
101
110
116
101
100
32
99
111
109
112
97
110
105
101
115
32
108
105
107
101
32
68
78
85
75
44
10
119
104
111
32
100
111
32
109
97
99
104
105
110
101
115
32
100
101
115
105
103
110
101
100
32
116
111
32
114
117
110
32
108
105
110
117
120
44
32
97
110
100
32
116
104
101
105
114
32
111
119
110
32
118
101
114
115
105
111
110
32
111
102
32
108
105
110
117
120
44
10
116
104
97
116
32
104
97
115
32
97
32
102
101
119
32
101
120
116
114
97
115
32
102
111
114
32
116
104
101
105
114
32
109
97
99
104
105
110
101
115
46
32
79
114
44
32
121
111
117
32
99
97
110
32
103
101
116
32
97
32
109
97
99
104
105
110
101
32
102
114
111
109
32
97
10
99
104
101
97
112
101
114
32
99
111
109
112
97
110
121
32
108
105
107
101
32
68
101
108
108
44
32
97
110
100
32
105
116
39
108
108
32
109
111
115
116
32
108
105
107
101
108
121
32
119
111
114
107
44
32
109
111
115
116
32
111
102
32
116
104
101
32
116
105
109
101
46
10
10
74
111
104
110
10
10
10
45
45
32
10
73
114
105
115
104
32
76
105
110
117
120
32
85
115
101
114
115
39
32
71
114
111
117
112
58
32
105
108
117
103
64
108
105
110
117
120
46
105
101
10
104
116
116
112
58
47
47
119
119
119
46
108
105
110
117
120
46
105
101
47
109
97
105
108
109
97
110
47
108
105
115
116
105
110
102
111
47
105
108
117
103
32
102
111
114
32
40
117
110
41
115
117
98
115
99
114
105
112
116
105
111
110
32
105
110
102
111
114
109
97
116
105
111
110
46
10
76
105
115
116
32
109
97
105
110
116
97
105
110
101
114
58
32
108
105
115
116
109
97
115
116
101
114
64
108
105
110
117
120
46
105
101
10
10
