70
114
111
109
32
102
111
114
107
45
97
100
109
105
110
64
120
101
110
116
46
99
111
109
32
32
70
114
105
32
65
117
103
32
50
51
32
49
49
58
48
56
58
51
48
32
50
48
48
50
10
82
101
116
117
114
110
45
80
97
116
104
58
32
60
102
111
114
107
45
97
100
109
105
110
64
120
101
110
116
46
99
111
109
62
10
68
101
108
105
118
101
114
101
100
45
84
111
58
32
122
122
122
122
64
108
111
99
97
108
104
111
115
116
46
110
101
116
110
111
116
101
105
110
99
46
99
111
109
10
82
101
99
101
105
118
101
100
58
32
102
114
111
109
32
108
111
99
97
108
104
111
115
116
32
40
108
111
99
97
108
104
111
115
116
32
91
49
50
55
46
48
46
48
46
49
93
41
10
9
98
121
32
112
104
111
98
111
115
46
108
97
98
115
46
110
101
116
110
111
116
101
105
110
99
46
99
111
109
32
40
80
111
115
116
102
105
120
41
32
119
105
116
104
32
69
83
77
84
80
32
105
100
32
67
51
52
56
66
52
52
49
54
51
10
9
102
111
114
32
60
122
122
122
122
64
108
111
99
97
108
104
111
115
116
62
59
32
70
114
105
44
32
50
51
32
65
117
103
32
50
48
48
50
32
48
54
58
48
54
58
52
55
32
45
48
52
48
48
32
40
69
68
84
41
10
82
101
99
101
105
118
101
100
58
32
102
114
111
109
32
112
104
111
98
111
115
32
91
49
50
55
46
48
46
48
46
49
93
10
9
98
121
32
108
111
99
97
108
104
111
115
116
32
119
105
116
104
32
73
77
65
80
32
40
102
101
116
99
104
109
97
105
108
45
53
46
57
46
48
41
10
9
102
111
114
32
122
122
122
122
64
108
111
99
97
108
104
111
115
116
32
40
115
105
110
103
108
101
45
100
114
111
112
41
59
32
70
114
105
44
32
50
51
32
65
117
103
32
50
48
48
50
32
49
49
58
48
54
58
52
55
32
43
48
49
48
48
32
40
73
83
84
41
10
82
101
99
101
105
118
101
100
58
32
102
114
111
109
32
120
101
110
116
46
99
111
109
32
40
91
54
52
46
49
54
49
46
50
50
46
50
51
54
93
41
32
98
121
32
100
111
103
109
97
46
115
108
97
115
104
110
117
108
108
46
111
114
103
10
32
32
32
32
40
56
46
49
49
46
54
47
56
46
49
49
46
54
41
32
119
105
116
104
32
69
83
77
84
80
32
105
100
32
103
55
77
74
83
89
90
50
49
54
52
53
32
102
111
114
32
60
122
122
122
122
64
115
112
97
109
97
115
115
97
115
115
105
110
46
116
97
105
110
116
46
111
114
103
62
59
10
32
32
32
32
84
104
117
44
32
50
50
32
65
117
103
32
50
48
48
50
32
50
48
58
50
56
58
51
52
32
43
48
49
48
48
10
82
101
99
101
105
118
101
100
58
32
102
114
111
109
32
108
97
105
114
46
120
101
110
116
46
99
111
109
32
40
108
111
99
97
108
104
111
115
116
32
91
49
50
55
46
48
46
48
46
49
93
41
32
98
121
32
120
101
110
116
46
99
111
109
32
40
80
111
115
116
102
105
120
41
10
32
32
32
32
119
105
116
104
32
69
83
77
84
80
32
105
100
32
48
51
70
67
68
50
57
52
48
69
68
59
32
84
104
117
44
32
50
50
32
65
117
103
32
50
48
48
50
32
49
50
58
50
54
58
48
57
32
45
48
55
48
48
32
40
80
68
84
41
10
68
101
108
105
118
101
114
101
100
45
84
111
58
32
102
111
114
107
64
115
112
97
109
97
115
115
97
115
115
105
110
46
116
97
105
110
116
46
111
114
103
10
82
101
99
101
105
118
101
100
58
32
102
114
111
109
32
115
117
110
115
101
114
118
101
114
46
112
101
114
109
97
102
114
111
115
116
46
110
101
116
32
40
117
49
55
50
110
49
54
46
104
102
120
46
101
97
115
116
108
105
110
107
46
99
97
10
32
32
32
32
91
50
52
46
50
50
50
46
49
55
50
46
49
54
93
41
32
98
121
32
120
101
110
116
46
99
111
109
32
40
80
111
115
116
102
105
120
41
32
119
105
116
104
32
69
83
77
84
80
32
105
100
32
57
66
51
54
49
50
57
52
48
69
65
32
102
111
114
10
32
32
32
32
60
102
111
114
107
64
120
101
110
116
46
99
111
109
62
59
32
84
104
117
44
32
50
50
32
65
117
103
32
50
48
48
50
32
49
50
58
50
53
58
48
56
32
45
48
55
48
48
32
40
80
68
84
41
10
82
101
99
101
105
118
101
100
58
32
102
114
111
109
32
91
49
57
50
46
49
54
56
46
49
50
51
46
49
55
57
93
32
40
104
101
108
111
61
112
101
114
109
97
102
114
111
115
116
46
110
101
116
41
32
98
121
10
32
32
32
32
115
117
110
115
101
114
118
101
114
46
112
101
114
109
97
102
114
111
115
116
46
110
101
116
32
119
105
116
104
32
101
115
109
116
112
32
40
69
120
105
109
32
51
46
51
53
32
35
49
32
40
68
101
98
105
97
110
41
41
32
105
100
10
32
32
32
32
49
55
104
120
89
107
45
48
48
48
48
57
80
45
48
48
59
32
84
104
117
44
32
50
50
32
65
117
103
32
50
48
48
50
32
49
54
58
50
51
58
53
56
32
45
48
51
48
48
10
77
101
115
115
97
103
101
45
73
100
58
32
60
51
68
54
53
51
66
66
70
46
51
48
54
48
50
48
57
64
112
101
114
109
97
102
114
111
115
116
46
110
101
116
62
10
70
114
111
109
58
32
79
119
101
110
32
66
121
114
110
101
32
60
111
119
101
110
64
112
101
114
109
97
102
114
111
115
116
46
110
101
116
62
10
85
115
101
114
45
65
103
101
110
116
58
32
77
111
122
105
108
108
97
47
53
46
48
32
40
87
105
110
100
111
119
115
59
32
85
59
32
87
105
110
57
56
59
32
101
110
45
85
83
59
32
114
118
58
49
46
48
46
48
41
32
71
101
99
107
111
47
50
48
48
50
48
53
51
48
10
88
45
65
99
99
101
112
116
45
76
97
110
103
117
97
103
101
58
32
101
110
45
117
115
44
32
101
110
10
77
73
77
69
45
86
101
114
115
105
111
110
58
32
49
46
48
10
84
111
58
32
34
74
111
115
101
112
104
32
83
46
32
66
97
114
114
101
114
97
32
73
73
73
34
32
60
106
111
101
64
98
97
114
114
101
114
97
46
111
114
103
62
10
67
99
58
32
67
104
114
105
115
32
72
97
117
110
32
60
99
104
114
105
115
64
110
111
115
107
105
108
108
122
46
99
111
109
62
44
32
102
111
114
107
64
115
112
97
109
97
115
115
97
115
115
105
110
46
116
97
105
110
116
46
111
114
103
10
83
117
98
106
101
99
116
58
32
82
101
58
32
108
105
102
101
103
101
109
10
82
101
102
101
114
101
110
99
101
115
58
32
60
80
105
110
101
46
76
78
88
46
52
46
52
52
46
48
50
48
56
50
49
49
53
50
54
51
53
48
46
54
55
53
45
49
48
48
48
48
48
64
105
115
111
108
110
101
116
115
117
120
46
116
101
99
104
109
111
110
107
101
121
115
46
110
101
116
62
10
32
32
32
32
60
51
68
54
53
51
56
55
52
46
56
48
49
48
50
48
52
64
98
97
114
114
101
114
97
46
111
114
103
62
10
67
111
110
116
101
110
116
45
84
121
112
101
58
32
116
101
120
116
47
112
108
97
105
110
59
32
99
104
97
114
115
101
116
61
117
115
45
97
115
99
105
105
59
32
102
111
114
109
97
116
61
102
108
111
119
101
100
10
67
111
110
116
101
110
116
45
84
114
97
110
115
102
101
114
45
69
110
99
111
100
105
110
103
58
32
55
98
105
116
10
83
101
110
100
101
114
58
32
102
111
114
107
45
97
100
109
105
110
64
120
101
110
116
46
99
111
109
10
69
114
114
111
114
115
45
84
111
58
32
102
111
114
107
45
97
100
109
105
110
64
120
101
110
116
46
99
111
109
10
88
45
66
101
101
110
116
104
101
114
101
58
32
102
111
114
107
64
115
112
97
109
97
115
115
97
115
115
105
110
46
116
97
105
110
116
46
111
114
103
10
88
45
77
97
105
108
109
97
110
45
86
101
114
115
105
111
110
58
32
50
46
48
46
49
49
10
80
114
101
99
101
100
101
110
99
101
58
32
98
117
108
107
10
76
105
115
116
45
72
101
108
112
58
32
60
109
97
105
108
116
111
58
102
111
114
107
45
114
101
113
117
101
115
116
64
120
101
110
116
46
99
111
109
63
115
117
98
106
101
99
116
61
104
101
108
112
62
10
76
105
115
116
45
80
111
115
116
58
32
60
109
97
105
108
116
111
58
102
111
114
107
64
115
112
97
109
97
115
115
97
115
115
105
110
46
116
97
105
110
116
46
111
114
103
62
10
76
105
115
116
45
83
117
98
115
99
114
105
98
101
58
32
60
104
116
116
112
58
47
47
120
101
110
116
46
99
111
109
47
109
97
105
108
109
97
110
47
108
105
115
116
105
110
102
111
47
102
111
114
107
62
44
32
60
109
97
105
108
116
111
58
102
111
114
107
45
114
101
113
117
101
115
116
64
120
101
110
116
46
99
111
109
63
115
117
98
106
101
99
116
61
115
117
98
115
99
114
105
98
101
62
10
76
105
115
116
45
73
100
58
32
70
114
105
101
110
100
115
32
111
102
32
82
111
104
105
116
32
75
104
97
114
101
32
60
102
111
114
107
46
120
101
110
116
46
99
111
109
62
10
76
105
115
116
45
85
110
115
117
98
115
99
114
105
98
101
58
32
60
104
116
116
112
58
47
47
120
101
110
116
46
99
111
109
47
109
97
105
108
109
97
110
47
108
105
115
116
105
110
102
111
47
102
111
114
107
62
44
10
32
32
32
32
60
109
97
105
108
116
111
58
102
111
114
107
45
114
101
113
117
101
115
116
64
120
101
110
116
46
99
111
109
63
115
117
98
106
101
99
116
61
117
110
115
117
98
115
99
114
105
98
101
62
10
76
105
115
116
45
65
114
99
104
105
118
101
58
32
60
104
116
116
112
58
47
47
120
101
110
116
46
99
111
109
47
112
105
112
101
114
109
97
105
108
47
102
111
114
107
47
62
10
68
97
116
101
58
32
84
104
117
44
32
50
50
32
65
117
103
32
50
48
48
50
32
49
54
58
51
48
58
48
55
32
45
48
51
48
48
10
10
74
111
115
101
112
104
32
83
46
32
66
97
114
114
101
114
97
32
73
73
73
32
119
114
111
116
101
58
10
10
62
32
67
104
114
105
115
32
72
97
117
110
32
119
114
111
116
101
58
10
62
10
62
62
32
65
32
76
105
102
101
71
101
109
32
105
115
32
97
32
99
101
114
116
105
102
105
101
100
44
32
104
105
103
104
32
113
117
97
108
105
116
121
32
100
105
97
109
111
110
100
32
99
114
101
97
116
101
100
32
102
114
111
109
32
116
104
101
32
10
62
62
32
99
97
114
98
111
110
32
111
102
32
121
111
117
114
32
108
111
118
101
100
32
111
110
101
32
97
115
32
97
32
109
101
109
111
114
105
97
108
32
116
111
32
116
104
101
105
114
32
117
110
105
113
117
101
32
97
110
100
32
119
111
110
100
101
114
102
117
108
32
10
62
62
32
108
105
102
101
46
10
62
10
62
10
62
32
87
104
121
32
119
97
105
116
32
117
110
116
105
108
32
121
111
117
39
114
101
32
100
101
97
100
63
32
73
39
109
32
115
117
114
101
32
116
104
101
114
101
39
115
32
101
110
111
117
103
104
32
99
97
114
98
111
110
32
105
110
10
62
32
116
104
101
32
102
97
116
32
102
114
111
109
32
121
111
117
114
32
116
121
112
105
99
97
108
32
108
105
112
111
115
117
99
116
105
111
110
32
106
111
98
32
116
111
32
109
97
107
101
32
97
32
100
101
99
101
110
116
32
100
105
97
109
111
110
100
46
10
62
10
62
32
45
32
74
111
101
10
62
10
79
104
44
32
104
101
108
108
32
45
32
119
104
97
116
32
97
98
111
117
116
32
101
120
99
114
101
109
101
110
116
63
32
73
39
100
32
108
111
118
101
32
116
111
32
98
101
32
97
98
108
101
32
116
111
32
115
97
121
32
45
32
78
111
44
32
116
104
101
32
10
115
117
110
32
100
111
101
115
110
39
116
32
115
104
105
110
101
32
111
117
116
32
111
102
32
109
121
32
97
115
115
44
32
98
117
116
32
116
104
101
114
101
39
115
32
116
104
101
32
111
99
99
97
115
105
111
110
97
108
32
100
105
97
109
111
110
100
46
32
59
45
41
46
10
10
79
119
101
110
10
10
10
104
116
116
112
58
47
47
120
101
110
116
46
99
111
109
47
109
97
105
108
109
97
110
47
108
105
115
116
105
110
102
111
47
102
111
114
107
10
10
