70
114
111
109
32
114
111
98
101
114
116
46
99
104
97
109
98
101
114
115
64
98
97
101
115
121
115
116
101
109
115
46
99
111
109
32
32
84
104
117
32
65
117
103
32
50
50
32
49
55
58
49
57
58
51
54
32
50
48
48
50
10
82
101
116
117
114
110
45
80
97
116
104
58
32
60
114
111
98
101
114
116
46
99
104
97
109
98
101
114
115
64
98
97
101
115
121
115
116
101
109
115
46
99
111
109
62
10
68
101
108
105
118
101
114
101
100
45
84
111
58
32
122
122
122
122
64
108
111
99
97
108
104
111
115
116
46
110
101
116
110
111
116
101
105
110
99
46
99
111
109
10
82
101
99
101
105
118
101
100
58
32
102
114
111
109
32
108
111
99
97
108
104
111
115
116
32
40
108
111
99
97
108
104
111
115
116
32
91
49
50
55
46
48
46
48
46
49
93
41
10
9
98
121
32
112
104
111
98
111
115
46
108
97
98
115
46
110
101
116
110
111
116
101
105
110
99
46
99
111
109
32
40
80
111
115
116
102
105
120
41
32
119
105
116
104
32
69
83
77
84
80
32
105
100
32
70
50
65
68
56
52
51
70
57
57
10
9
102
111
114
32
60
122
122
122
122
64
108
111
99
97
108
104
111
115
116
62
59
32
84
104
117
44
32
50
50
32
65
117
103
32
50
48
48
50
32
49
50
58
49
57
58
50
53
32
45
48
52
48
48
32
40
69
68
84
41
10
82
101
99
101
105
118
101
100
58
32
102
114
111
109
32
112
104
111
98
111
115
32
91
49
50
55
46
48
46
48
46
49
93
10
9
98
121
32
108
111
99
97
108
104
111
115
116
32
119
105
116
104
32
73
77
65
80
32
40
102
101
116
99
104
109
97
105
108
45
53
46
57
46
48
41
10
9
102
111
114
32
122
122
122
122
64
108
111
99
97
108
104
111
115
116
32
40
115
105
110
103
108
101
45
100
114
111
112
41
59
32
84
104
117
44
32
50
50
32
65
117
103
32
50
48
48
50
32
49
55
58
49
57
58
50
54
32
43
48
49
48
48
32
40
73
83
84
41
10
82
101
99
101
105
118
101
100
58
32
102
114
111
109
32
110
56
46
103
114
112
46
115
99
100
46
121
97
104
111
111
46
99
111
109
32
40
110
56
46
103
114
112
46
115
99
100
46
121
97
104
111
111
46
99
111
109
32
91
54
54
46
50
49
56
46
54
54
46
57
50
93
41
10
32
32
32
32
98
121
32
100
111
103
109
97
46
115
108
97
115
104
110
117
108
108
46
111
114
103
32
40
56
46
49
49
46
54
47
56
46
49
49
46
54
41
32
119
105
116
104
32
83
77
84
80
32
105
100
32
103
55
77
71
66
83
90
49
51
57
52
52
32
102
111
114
10
32
32
32
32
60
122
122
122
122
64
115
112
97
109
97
115
115
97
115
115
105
110
46
116
97
105
110
116
46
111
114
103
62
59
32
84
104
117
44
32
50
50
32
65
117
103
32
50
48
48
50
32
49
55
58
49
49
58
50
56
32
43
48
49
48
48
10
88
45
69
103
114
111
117
112
115
45
82
101
116
117
114
110
58
32
115
101
110
116
116
111
45
50
50
52
50
53
55
50
45
53
50
55
52
50
45
49
48
51
48
48
51
50
54
56
57
45
122
122
122
122
61
115
112
97
109
97
115
115
97
115
115
105
110
46
116
97
105
110
116
46
111
114
103
64
114
101
116
117
114
110
115
46
103
114
111
117
112
115
46
121
97
104
111
111
46
99
111
109
10
82
101
99
101
105
118
101
100
58
32
102
114
111
109
32
91
54
54
46
50
49
56
46
54
55
46
49
57
54
93
32
98
121
32
110
56
46
103
114
112
46
115
99
100
46
121
97
104
111
111
46
99
111
109
32
119
105
116
104
32
78
78
70
77
80
59
10
32
32
32
32
50
50
32
65
117
103
32
50
48
48
50
32
49
54
58
49
49
58
50
57
32
45
48
48
48
48
10
88
45
83
101
110
100
101
114
58
32
114
111
98
101
114
116
46
99
104
97
109
98
101
114
115
64
98
97
101
115
121
115
116
101
109
115
46
99
111
109
10
88
45
65
112
112
97
114
101
110
116
108
121
45
84
111
58
32
122
122
122
122
116
101
97
110
97
64
121
97
104
111
111
103
114
111
117
112
115
46
99
111
109
10
82
101
99
101
105
118
101
100
58
32
40
69
71
80
58
32
109
97
105
108
45
56
95
49
95
48
95
49
41
59
32
50
50
32
65
117
103
32
50
48
48
50
32
49
54
58
49
49
58
50
56
32
45
48
48
48
48
10
82
101
99
101
105
118
101
100
58
32
40
113
109
97
105
108
32
55
49
48
52
53
32
105
110
118
111
107
101
100
32
102
114
111
109
32
110
101
116
119
111
114
107
41
59
32
50
50
32
65
117
103
32
50
48
48
50
32
49
54
58
49
49
58
50
56
32
45
48
48
48
48
10
82
101
99
101
105
118
101
100
58
32
102
114
111
109
32
117
110
107
110
111
119
110
32
40
54
54
46
50
49
56
46
54
54
46
50
49
55
41
32
98
121
32
109
51
46
103
114
112
46
115
99
100
46
121
97
104
111
111
46
99
111
109
32
119
105
116
104
32
81
77
81
80
59
10
32
32
32
32
50
50
32
65
117
103
32
50
48
48
50
32
49
54
58
49
49
58
50
56
32
45
48
48
48
48
10
82
101
99
101
105
118
101
100
58
32
102
114
111
109
32
117
110
107
110
111
119
110
32
40
72
69
76
79
32
110
49
57
46
103
114
112
46
115
99
100
46
121
97
104
111
111
46
99
111
109
41
32
40
54
54
46
50
49
56
46
54
54
46
55
52
41
32
98
121
10
32
32
32
32
109
116
97
50
46
103
114
112
46
115
99
100
46
121
97
104
111
111
46
99
111
109
32
119
105
116
104
32
83
77
84
80
59
32
50
50
32
65
117
103
32
50
48
48
50
32
49
54
58
49
49
58
50
56
32
45
48
48
48
48
10
82
101
99
101
105
118
101
100
58
32
102
114
111
109
32
91
54
54
46
50
49
56
46
54
55
46
49
55
52
93
32
98
121
32
110
49
57
46
103
114
112
46
115
99
100
46
121
97
104
111
111
46
99
111
109
32
119
105
116
104
32
78
78
70
77
80
59
10
32
32
32
32
50
50
32
65
117
103
32
50
48
48
50
32
49
54
58
49
49
58
50
55
32
45
48
48
48
48
10
84
111
58
32
122
122
122
122
116
101
97
110
97
64
121
97
104
111
111
103
114
111
117
112
115
46
99
111
109
10
77
101
115
115
97
103
101
45
73
100
58
32
60
97
107
51
50
102
102
43
114
104
54
52
64
101
71
114
111
117
112
115
46
99
111
109
62
10
73
110
45
82
101
112
108
121
45
84
111
58
32
60
48
48
48
55
48
49
99
50
52
56
102
53
36
49
99
100
57
56
53
48
48
36
53
48
56
56
50
55
100
57
64
98
53
119
51
101
57
62
10
85
115
101
114
45
65
103
101
110
116
58
32
101
71
114
111
117
112
115
45
69
87
47
48
46
56
50
10
88
45
77
97
105
108
101
114
58
32
89
97
104
111
111
32
71
114
111
117
112
115
32
77
101
115
115
97
103
101
32
80
111
115
116
101
114
10
70
114
111
109
58
32
34
117
110
99
108
101
95
115
108
97
99
107
121
34
32
60
114
111
98
101
114
116
46
99
104
97
109
98
101
114
115
64
98
97
101
115
121
115
116
101
109
115
46
99
111
109
62
10
88
45
79
114
105
103
105
110
97
116
105
110
103
45
73
112
58
32
50
48
46
49
51
56
46
50
53
52
46
50
10
88
45
89
97
104
111
111
45
80
114
111
102
105
108
101
58
32
117
110
99
108
101
95
115
108
97
99
107
121
10
77
73
77
69
45
86
101
114
115
105
111
110
58
32
49
46
48
10
77
97
105
108
105
110
103
45
76
105
115
116
58
32
108
105
115
116
32
122
122
122
122
116
101
97
110
97
64
121
97
104
111
111
103
114
111
117
112
115
46
99
111
109
59
32
99
111
110
116
97
99
116
10
32
32
32
32
102
111
114
116
101
97
110
97
45
111
119
110
101
114
64
121
97
104
111
111
103
114
111
117
112
115
46
99
111
109
10
68
101
108
105
118
101
114
101
100
45
84
111
58
32
109
97
105
108
105
110
103
32
108
105
115
116
32
122
122
122
122
116
101
97
110
97
64
121
97
104
111
111
103
114
111
117
112
115
46
99
111
109
10
80
114
101
99
101
100
101
110
99
101
58
32
98
117
108
107
10
76
105
115
116
45
85
110
115
117
98
115
99
114
105
98
101
58
32
60
109
97
105
108
116
111
58
122
122
122
122
116
101
97
110
97
45
117
110
115
117
98
115
99
114
105
98
101
64
121
97
104
111
111
103
114
111
117
112
115
46
99
111
109
62
10
68
97
116
101
58
32
84
104
117
44
32
50
50
32
65
117
103
32
50
48
48
50
32
49
54
58
49
49
58
50
55
32
45
48
48
48
48
10
83
117
98
106
101
99
116
58
32
91
122
122
122
122
116
101
97
110
97
93
32
82
101
58
32
65
117
115
116
114
97
108
105
97
110
32
67
97
116
104
111
108
105
99
32
75
105
100
100
105
101
32
80
101
114
118
32
83
116
101
112
115
32
65
115
105
100
101
10
82
101
112
108
121
45
84
111
58
32
122
122
122
122
116
101
97
110
97
64
121
97
104
111
111
103
114
111
117
112
115
46
99
111
109
10
67
111
110
116
101
110
116
45
84
121
112
101
58
32
116
101
120
116
47
112
108
97
105
110
59
32
99
104
97
114
115
101
116
61
85
83
45
65
83
67
73
73
10
67
111
110
116
101
110
116
45
84
114
97
110
115
102
101
114
45
69
110
99
111
100
105
110
103
58
32
55
98
105
116
10
10
45
45
45
32
73
110
32
102
111
114
116
101
97
110
97
64
121
46
46
46
44
32
34
68
46
77
99
77
97
110
110
34
32
60
100
109
99
109
97
110
110
64
98
46
46
46
62
32
119
114
111
116
101
58
10
62
32
82
111
98
101
114
116
32
77
111
97
98
121
44
32
51
51
44
32
119
104
111
32
115
101
110
116
32
100
101
97
116
104
32
116
104
114
101
97
116
115
32
116
111
32
115
116
97
102
102
44
32
119
97
115
32
97
108
115
111
32
106
97
105
108
101
100
10
62
32
102
111
114
32
104
111
97
114
100
105
110
103
32
105
110
100
101
99
101
110
116
32
112
105
99
116
117
114
101
115
32
111
102
32
99
104
105
108
100
114
101
110
32
111
110
32
104
105
115
32
104
111
109
101
32
99
111
109
112
117
116
101
114
46
10
62
32
61
61
61
61
61
61
61
61
61
10
62
32
10
62
32
72
109
109
44
32
105
102
32
73
32
100
105
100
110
39
116
32
116
114
117
115
116
32
111
117
114
32
103
111
118
101
114
110
109
101
110
116
32
97
110
100
32
115
101
99
114
101
116
32
112
111
108
105
99
101
44
32
73
32
99
111
117
108
100
32
10
108
111
111
107
32
97
116
10
62
32
116
104
105
115
32
97
110
111
116
104
101
114
32
119
97
121
46
46
46
46
10
10
84
104
101
114
101
32
105
115
32
97
32
98
105
116
32
111
102
32
99
105
114
99
117
109
115
116
97
110
116
105
97
108
32
101
118
105
100
101
110
99
101
32
45
32
97
112
112
97
114
101
110
116
108
121
32
115
111
109
101
32
77
84
32
10
108
105
115
116
101
114
115
32
119
101
114
101
32
97
112
112
114
111
97
99
104
101
100
32
98
121
32
104
105
109
32
40
118
105
97
32
101
109
97
105
108
41
32
45
32
97
32
108
105
116
116
108
101
32
114
101
115
101
97
114
99
104
32
105
110
32
10
100
101
106
97
110
101
119
115
47
103
111
111
103
108
101
32
103
114
111
117
112
115
32
115
104
111
119
101
100
32
97
32
110
117
109
98
101
114
32
111
102
32
109
101
115
115
97
103
101
115
32
102
114
111
109
32
104
105
109
44
32
99
108
101
97
114
108
121
32
10
104
111
112
105
110
103
32
116
111
32
99
111
110
116
97
99
116
32
103
105
114
108
115
44
32
97
112
112
101
97
114
105
110
103
32
105
110
32
34
97
108
116
46
116
101
101
110
115
34
32
97
110
100
32
115
105
109
105
108
97
114
32
103
114
111
117
112
115
32
45
10
32
73
32
106
117
115
116
32
116
114
105
101
100
32
97
32
71
111
111
103
108
101
32
71
114
111
117
112
115
32
115
101
97
114
99
104
32
111
110
32
34
82
111
98
101
114
116
32
77
111
97
98
121
34
32
97
110
100
32
115
111
109
101
32
111
102
32
10
116
104
101
109
32
99
97
109
101
32
116
111
112
32
111
102
32
116
104
101
32
108
105
115
116
46
10
10
78
111
116
101
32
102
111
114
32
77
97
114
105
101
32
45
32
34
77
84
34
32
115
116
97
110
100
115
32
102
111
114
32
77
97
114
107
32
84
104
111
109
97
115
44
32
97
32
115
108
105
103
104
116
108
121
32
115
108
105
109
109
101
114
44
32
85
75
32
10
118
101
114
115
105
111
110
32
111
102
32
121
111
117
114
32
77
105
99
104
97
101
108
32
77
111
111
114
101
32
45
32
116
104
101
32
109
97
105
108
105
110
103
32
108
105
115
116
32
105
115
32
110
97
109
101
100
32
97
102
116
101
114
32
104
105
109
46
32
10
10
82
111
98
10
10
10
45
45
45
45
45
45
45
45
45
45
45
45
45
45
45
45
45
45
45
45
45
45
45
45
32
89
97
104
111
111
33
32
71
114
111
117
112
115
32
83
112
111
110
115
111
114
32
45
45
45
45
45
45
45
45
45
45
45
45
45
45
45
45
45
45
45
45
45
126
45
45
62
10
52
32
68
86
68
115
32
70
114
101
101
32
43
115
38
112
32
74
111
105
110
32
78
111
119
10
104
116
116
112
58
47
47
117
115
46
99
108
105
99
107
46
121
97
104
111
111
46
99
111
109
47
112
116
54
89
66
66
47
78
88
105
69
65
65
47
109
71
51
72
65
65
47
55
103
83
111
108
66
47
84
77
10
45
45
45
45
45
45
45
45
45
45
45
45
45
45
45
45
45
45
45
45
45
45
45
45
45
45
45
45
45
45
45
45
45
45
45
45
45
45
45
45
45
45
45
45
45
45
45
45
45
45
45
45
45
45
45
45
45
45
45
45
45
45
45
45
45
45
45
45
45
126
45
62
10
10
84
111
32
117
110
115
117
98
115
99
114
105
98
101
32
102
114
111
109
32
116
104
105
115
32
103
114
111
117
112
44
32
115
101
110
100
32
97
110
32
101
109
97
105
108
32
116
111
58
10
102
111
114
116
101
97
110
97
45
117
110
115
117
98
115
99
114
105
98
101
64
101
103
114
111
117
112
115
46
99
111
109
10
10
32
10
10
89
111
117
114
32
117
115
101
32
111
102
32
89
97
104
111
111
33
32
71
114
111
117
112
115
32
105
115
32
115
117
98
106
101
99
116
32
116
111
32
104
116
116
112
58
47
47
100
111
99
115
46
121
97
104
111
111
46
99
111
109
47
105
110
102
111
47
116
101
114
109
115
47
32
10
10
10
10
