70
114
111
109
32
105
108
117
103
45
97
100
109
105
110
64
108
105
110
117
120
46
105
101
32
32
70
114
105
32
65
117
103
32
50
51
32
49
49
58
48
55
58
52
55
32
50
48
48
50
10
82
101
116
117
114
110
45
80
97
116
104
58
32
60
105
108
117
103
45
97
100
109
105
110
64
108
105
110
117
120
46
105
101
62
10
68
101
108
105
118
101
114
101
100
45
84
111
58
32
122
122
122
122
64
108
111
99
97
108
104
111
115
116
46
110
101
116
110
111
116
101
105
110
99
46
99
111
109
10
82
101
99
101
105
118
101
100
58
32
102
114
111
109
32
108
111
99
97
108
104
111
115
116
32
40
108
111
99
97
108
104
111
115
116
32
91
49
50
55
46
48
46
48
46
49
93
41
10
9
98
121
32
112
104
111
98
111
115
46
108
97
98
115
46
110
101
116
110
111
116
101
105
110
99
46
99
111
109
32
40
80
111
115
116
102
105
120
41
32
119
105
116
104
32
69
83
77
84
80
32
105
100
32
54
70
56
50
67
52
52
49
54
66
10
9
102
111
114
32
60
122
122
122
122
64
108
111
99
97
108
104
111
115
116
62
59
32
70
114
105
44
32
50
51
32
65
117
103
32
50
48
48
50
32
48
54
58
48
54
58
51
49
32
45
48
52
48
48
32
40
69
68
84
41
10
82
101
99
101
105
118
101
100
58
32
102
114
111
109
32
112
104
111
98
111
115
32
91
49
50
55
46
48
46
48
46
49
93
10
9
98
121
32
108
111
99
97
108
104
111
115
116
32
119
105
116
104
32
73
77
65
80
32
40
102
101
116
99
104
109
97
105
108
45
53
46
57
46
48
41
10
9
102
111
114
32
122
122
122
122
64
108
111
99
97
108
104
111
115
116
32
40
115
105
110
103
108
101
45
100
114
111
112
41
59
32
70
114
105
44
32
50
51
32
65
117
103
32
50
48
48
50
32
49
49
58
48
54
58
51
49
32
43
48
49
48
48
32
40
73
83
84
41
10
82
101
99
101
105
118
101
100
58
32
102
114
111
109
32
108
117
103
104
46
116
117
97
116
104
97
46
111
114
103
32
40
114
111
111
116
64
108
117
103
104
46
116
117
97
116
104
97
46
111
114
103
32
91
49
57
52
46
49
50
53
46
49
52
53
46
52
53
93
41
32
98
121
10
32
32
32
32
100
111
103
109
97
46
115
108
97
115
104
110
117
108
108
46
111
114
103
32
40
56
46
49
49
46
54
47
56
46
49
49
46
54
41
32
119
105
116
104
32
69
83
77
84
80
32
105
100
32
103
55
77
73
69
53
90
49
57
48
55
50
32
102
111
114
10
32
32
32
32
60
122
122
122
122
45
105
108
117
103
64
115
112
97
109
97
115
115
97
115
115
105
110
46
116
97
105
110
116
46
111
114
103
62
59
32
84
104
117
44
32
50
50
32
65
117
103
32
50
48
48
50
32
49
57
58
49
52
58
48
53
32
43
48
49
48
48
10
82
101
99
101
105
118
101
100
58
32
102
114
111
109
32
108
117
103
104
32
40
114
111
111
116
64
108
111
99
97
108
104
111
115
116
32
91
49
50
55
46
48
46
48
46
49
93
41
32
98
121
32
108
117
103
104
46
116
117
97
116
104
97
46
111
114
103
10
32
32
32
32
40
56
46
57
46
51
47
56
46
57
46
51
41
32
119
105
116
104
32
69
83
77
84
80
32
105
100
32
84
65
65
49
53
52
54
48
59
32
84
104
117
44
32
50
50
32
65
117
103
32
50
48
48
50
32
49
57
58
49
50
58
48
51
32
43
48
49
48
48
10
88
45
65
117
116
104
101
110
116
105
99
97
116
105
111
110
45
87
97
114
110
105
110
103
58
32
108
117
103
104
46
116
117
97
116
104
97
46
111
114
103
58
32
72
111
115
116
32
114
111
111
116
64
108
111
99
97
108
104
111
115
116
32
91
49
50
55
46
48
46
48
46
49
93
10
32
32
32
32
99
108
97
105
109
101
100
32
116
111
32
98
101
32
108
117
103
104
10
82
101
99
101
105
118
101
100
58
32
102
114
111
109
32
110
119
107
101
97
45
109
97
105
108
45
49
46
115
117
110
46
99
111
109
32
40
110
119
107
101
97
45
109
97
105
108
45
49
46
115
117
110
46
99
111
109
32
91
49
57
50
46
49
56
46
52
50
46
49
51
93
41
10
32
32
32
32
98
121
32
108
117
103
104
46
116
117
97
116
104
97
46
111
114
103
32
40
56
46
57
46
51
47
56
46
57
46
51
41
32
119
105
116
104
32
69
83
77
84
80
32
105
100
32
84
65
65
49
53
52
49
57
32
102
111
114
10
32
32
32
32
60
105
108
117
103
64
108
105
110
117
120
46
105
101
62
59
32
84
104
117
44
32
50
50
32
65
117
103
32
50
48
48
50
32
49
57
58
49
49
58
53
54
32
43
48
49
48
48
10
82
101
99
101
105
118
101
100
58
32
102
114
111
109
32
115
117
110
105
114
101
46
73
114
101
108
97
110
100
46
83
117
110
46
67
79
77
32
40
91
49
50
57
46
49
53
54
46
50
50
48
46
51
48
93
41
32
98
121
10
32
32
32
32
110
119
107
101
97
45
109
97
105
108
45
49
46
115
117
110
46
99
111
109
32
40
56
46
57
46
51
43
83
117
110
47
56
46
57
46
51
41
32
119
105
116
104
32
69
83
77
84
80
32
105
100
32
76
65
65
48
52
55
55
56
32
102
111
114
10
32
32
32
32
60
105
108
117
103
64
108
105
110
117
120
46
105
101
62
59
32
84
104
117
44
32
50
50
32
65
117
103
32
50
48
48
50
32
49
49
58
49
49
58
50
48
32
45
48
55
48
48
32
40
80
68
84
41
10
82
101
99
101
105
118
101
100
58
32
102
114
111
109
32
115
105
111
110
110
97
99
104
46
105
114
101
108
97
110
100
46
115
117
110
46
99
111
109
32
40
115
105
111
110
110
97
99
104
32
91
49
50
57
46
49
53
54
46
50
50
48
46
50
56
93
41
32
98
121
10
32
32
32
32
115
117
110
105
114
101
46
73
114
101
108
97
110
100
46
83
117
110
46
67
79
77
32
40
56
46
49
49
46
54
43
83
117
110
47
56
46
49
49
46
54
47
69
78
83
77
65
73
76
44
118
50
46
50
41
32
119
105
116
104
32
69
83
77
84
80
32
105
100
10
32
32
32
32
103
55
77
73
66
74
100
49
57
52
57
50
32
102
111
114
32
60
105
108
117
103
64
108
105
110
117
120
46
105
101
62
59
32
84
104
117
44
32
50
50
32
65
117
103
32
50
48
48
50
32
49
57
58
49
49
58
49
57
32
43
48
49
48
48
32
40
66
83
84
41
10
82
101
99
101
105
118
101
100
58
32
102
114
111
109
32
115
105
111
110
110
97
99
104
32
40
108
111
99
97
108
104
111
115
116
32
91
49
50
55
46
48
46
48
46
49
93
41
32
98
121
10
32
32
32
32
115
105
111
110
110
97
99
104
46
105
114
101
108
97
110
100
46
115
117
110
46
99
111
109
32
40
56
46
49
50
46
50
43
83
117
110
47
56
46
49
50
46
50
41
32
119
105
116
104
32
69
83
77
84
80
32
105
100
32
103
55
77
73
66
74
100
114
48
48
52
49
56
57
10
32
32
32
32
102
111
114
32
60
105
108
117
103
64
108
105
110
117
120
46
105
101
62
59
32
84
104
117
44
32
50
50
32
65
117
103
32
50
48
48
50
32
49
57
58
49
49
58
49
57
32
43
48
49
48
48
32
40
66
83
84
41
10
77
101
115
115
97
103
101
45
73
100
58
32
60
50
48
48
50
48
56
50
50
49
56
49
49
46
103
55
77
73
66
74
100
114
48
48
52
49
56
57
64
115
105
111
110
110
97
99
104
46
105
114
101
108
97
110
100
46
115
117
110
46
99
111
109
62
10
88
45
77
97
105
108
101
114
58
32
101
120
109
104
32
118
101
114
115
105
111
110
32
50
46
53
32
48
55
47
49
51
47
50
48
48
49
32
119
105
116
104
32
110
109
104
45
49
46
48
46
52
10
84
111
58
32
105
108
117
103
64
108
105
110
117
120
46
105
101
10
70
114
111
109
58
32
65
108
98
101
114
116
32
87
104
105
116
101
32
45
32
83
85
78
32
73
114
101
108
97
110
100
32
60
97
108
98
101
114
116
46
119
104
105
116
101
64
105
114
101
108
97
110
100
46
115
117
110
46
99
111
109
62
10
83
117
98
106
101
99
116
58
32
82
101
58
32
91
73
76
85
71
93
32
83
117
110
32
83
111
108
97
114
105
115
46
46
10
73
110
45
82
101
112
108
121
45
84
111
58
32
89
111
117
114
32
109
101
115
115
97
103
101
32
111
102
10
32
32
32
32
34
84
104
117
44
32
50
50
32
65
117
103
32
50
48
48
50
32
49
56
58
52
50
58
51
51
32
66
83
84
46
34
10
32
32
32
32
60
80
105
110
101
46
76
78
88
46
52
46
52
52
46
48
50
48
56
50
50
49
56
52
49
48
55
48
46
50
56
54
48
52
45
49
48
48
48
48
48
64
100
117
110
108
111
112
46
97
100
109
105
110
46
105
101
46
97
108
112
104
121
114
97
46
99
111
109
62
10
68
97
116
101
58
32
84
104
117
44
32
50
50
32
65
117
103
32
50
48
48
50
32
49
57
58
49
49
58
49
57
32
43
48
49
48
48
10
83
101
110
100
101
114
58
32
105
108
117
103
45
97
100
109
105
110
64
108
105
110
117
120
46
105
101
10
69
114
114
111
114
115
45
84
111
58
32
105
108
117
103
45
97
100
109
105
110
64
108
105
110
117
120
46
105
101
10
88
45
77
97
105
108
109
97
110
45
86
101
114
115
105
111
110
58
32
49
46
49
10
80
114
101
99
101
100
101
110
99
101
58
32
98
117
108
107
10
76
105
115
116
45
73
100
58
32
73
114
105
115
104
32
76
105
110
117
120
32
85
115
101
114
115
39
32
71
114
111
117
112
32
60
105
108
117
103
46
108
105
110
117
120
46
105
101
62
10
88
45
66
101
101
110
116
104
101
114
101
58
32
105
108
117
103
64
108
105
110
117
120
46
105
101
10
10
10
62
32
79
110
32
84
104
117
44
32
50
50
32
65
117
103
32
50
48
48
50
44
32
74
111
104
110
32
80
46
32
76
111
111
110
101
121
32
119
114
111
116
101
58
10
62
32
62
32
32
83
117
110
39
115
32
104
97
114
100
119
97
114
101
32
105
110
32
103
101
110
101
114
97
108
32
105
115
32
109
111
114
101
32
114
101
108
105
97
98
108
101
44
10
62
32
82
79
70
76
46
32
110
111
116
32
105
110
32
111
117
114
32
101
120
112
101
114
105
101
110
99
101
46
10
10
87
101
108
108
32
97
116
32
108
101
97
115
116
32
111
117
114
32
67
97
112
115
45
76
111
99
107
32
107
101
121
115
32
119
111
114
107
58
10
10
112
101
116
101
114
64
115
116
97
117
110
116
111
110
46
105
101
32
115
97
105
100
58
10
62
32
65
110
111
116
104
101
114
32
112
114
111
98
108
101
109
46
32
73
32
104
97
118
101
32
97
32
68
101
108
108
32
98
114
97
110
100
101
100
32
107
101
121
98
111
97
114
100
32
97
110
100
32
105
102
32
73
32
104
105
116
32
67
97
112
115
45
76
111
99
107
10
62
32
116
119
105
99
101
44
32
116
104
101
32
119
104
111
108
101
32
109
97
99
104
105
110
101
32
99
114
97
115
104
101
115
32
40
105
110
32
76
105
110
117
120
44
32
110
111
116
32
87
105
110
100
111
119
115
41
32
45
32
101
118
101
110
32
116
104
101
32
111
110
47
10
62
32
111
102
102
32
115
119
105
116
99
104
32
105
115
32
105
110
97
99
116
105
118
101
44
32
108
101
97
118
105
110
103
32
109
101
32
116
111
32
114
101
97
99
104
32
102
111
114
32
116
104
101
32
112
111
119
101
114
32
99
97
98
108
101
10
62
32
105
110
115
116
101
97
100
46
10
10
58
45
80
10
10
98
97
117
119
111
108
102
64
105
110
100
105
103
111
46
105
101
32
115
97
105
100
58
10
62
32
97
115
32
105
102
32
104
101
32
119
97
110
116
101
100
32
83
111
108
97
114
105
115
32
57
32
102
111
114
32
120
56
54
44
32
104
101
39
100
32
98
101
32
119
97
105
116
105
110
103
32
97
32
98
105
116
10
101
114
109
46
46
46
32
105
116
32
114
117
110
115
32
83
111
108
97
114
105
115
32
120
56
54
32
97
115
32
115
116
97
110
100
97
114
100
46
46
46
10
10
67
104
101
101
114
115
44
10
126
65
108
10
10
45
45
32
10
69
120
112
114
101
115
115
101
100
32
105
110
32
116
104
105
115
32
112
111
115
116
105
110
103
32
97
114
101
32
109
121
32
111
112
105
110
105
111
110
115
46
32
32
84
104
101
121
32
97
114
101
32
105
110
32
110
111
32
119
97
121
32
114
101
108
97
116
101
100
10
116
111
32
111
112
105
110
105
111
110
115
32
104
101
108
100
32
98
121
32
109
121
32
101
109
112
108
111
121
101
114
44
32
83
117
110
32
77
105
99
114
111
115
121
115
116
101
109
115
46
10
83
116
97
116
101
109
101
110
116
115
32
111
110
32
83
117
110
32
112
114
111
100
117
99
116
115
32
105
110
99
108
117
100
101
100
32
104
101
114
101
32
97
114
101
32
110
111
116
32
103
111
115
112
101
108
32
97
110
100
32
109
97
121
10
98
101
32
102
105
99
116
105
111
110
32
114
97
116
104
101
114
32
116
104
97
110
32
116
114
117
116
104
46
10
10
10
10
45
45
32
10
73
114
105
115
104
32
76
105
110
117
120
32
85
115
101
114
115
39
32
71
114
111
117
112
58
32
105
108
117
103
64
108
105
110
117
120
46
105
101
10
104
116
116
112
58
47
47
119
119
119
46
108
105
110
117
120
46
105
101
47
109
97
105
108
109
97
110
47
108
105
115
116
105
110
102
111
47
105
108
117
103
32
102
111
114
32
40
117
110
41
115
117
98
115
99
114
105
112
116
105
111
110
32
105
110
102
111
114
109
97
116
105
111
110
46
10
76
105
115
116
32
109
97
105
110
116
97
105
110
101
114
58
32
108
105
115
116
109
97
115
116
101
114
64
108
105
110
117
120
46
105
101
10
10
