70
114
111
109
32
108
101
106
111
110
101
115
64
117
99
108
97
46
101
100
117
32
32
84
104
117
32
65
117
103
32
50
50
32
49
56
58
50
57
58
53
56
32
50
48
48
50
10
82
101
116
117
114
110
45
80
97
116
104
58
32
60
108
101
106
111
110
101
115
64
117
99
108
97
46
101
100
117
62
10
68
101
108
105
118
101
114
101
100
45
84
111
58
32
122
122
122
122
64
108
111
99
97
108
104
111
115
116
46
110
101
116
110
111
116
101
105
110
99
46
99
111
109
10
82
101
99
101
105
118
101
100
58
32
102
114
111
109
32
108
111
99
97
108
104
111
115
116
32
40
108
111
99
97
108
104
111
115
116
32
91
49
50
55
46
48
46
48
46
49
93
41
10
9
98
121
32
112
104
111
98
111
115
46
108
97
98
115
46
110
101
116
110
111
116
101
105
110
99
46
99
111
109
32
40
80
111
115
116
102
105
120
41
32
119
105
116
104
32
69
83
77
84
80
32
105
100
32
56
57
66
50
57
52
51
70
57
57
10
9
102
111
114
32
60
122
122
122
122
64
108
111
99
97
108
104
111
115
116
62
59
32
84
104
117
44
32
50
50
32
65
117
103
32
50
48
48
50
32
49
51
58
50
57
58
52
57
32
45
48
52
48
48
32
40
69
68
84
41
10
82
101
99
101
105
118
101
100
58
32
102
114
111
109
32
112
104
111
98
111
115
32
91
49
50
55
46
48
46
48
46
49
93
10
9
98
121
32
108
111
99
97
108
104
111
115
116
32
119
105
116
104
32
73
77
65
80
32
40
102
101
116
99
104
109
97
105
108
45
53
46
57
46
48
41
10
9
102
111
114
32
122
122
122
122
64
108
111
99
97
108
104
111
115
116
32
40
115
105
110
103
108
101
45
100
114
111
112
41
59
32
84
104
117
44
32
50
50
32
65
117
103
32
50
48
48
50
32
49
56
58
50
57
58
52
57
32
43
48
49
48
48
32
40
73
83
84
41
10
82
101
99
101
105
118
101
100
58
32
102
114
111
109
32
110
51
50
46
103
114
112
46
115
99
100
46
121
97
104
111
111
46
99
111
109
32
40
110
51
50
46
103
114
112
46
115
99
100
46
121
97
104
111
111
46
99
111
109
10
32
32
32
32
91
54
54
46
50
49
56
46
54
54
46
49
48
48
93
41
32
98
121
32
100
111
103
109
97
46
115
108
97
115
104
110
117
108
108
46
111
114
103
32
40
56
46
49
49
46
54
47
56
46
49
49
46
54
41
32
119
105
116
104
32
83
77
84
80
32
105
100
10
32
32
32
32
103
55
77
72
75
50
90
49
54
56
50
50
32
102
111
114
32
60
122
122
122
122
64
115
112
97
109
97
115
115
97
115
115
105
110
46
116
97
105
110
116
46
111
114
103
62
59
32
84
104
117
44
32
50
50
32
65
117
103
32
50
48
48
50
32
49
56
58
50
48
58
48
50
32
43
48
49
48
48
10
88
45
69
103
114
111
117
112
115
45
82
101
116
117
114
110
58
32
115
101
110
116
116
111
45
50
50
52
50
53
55
50
45
53
50
55
53
55
45
49
48
51
48
48
51
54
56
48
49
45
122
122
122
122
61
115
112
97
109
97
115
115
97
115
115
105
110
46
116
97
105
110
116
46
111
114
103
64
114
101
116
117
114
110
115
46
103
114
111
117
112
115
46
121
97
104
111
111
46
99
111
109
10
82
101
99
101
105
118
101
100
58
32
102
114
111
109
32
91
54
54
46
50
49
56
46
54
55
46
50
48
49
93
32
98
121
32
110
51
50
46
103
114
112
46
115
99
100
46
121
97
104
111
111
46
99
111
109
32
119
105
116
104
32
78
78
70
77
80
59
10
32
32
32
32
50
50
32
65
117
103
32
50
48
48
50
32
49
55
58
50
48
58
48
51
32
45
48
48
48
48
10
88
45
83
101
110
100
101
114
58
32
108
101
106
111
110
101
115
64
117
99
108
97
46
101
100
117
10
88
45
65
112
112
97
114
101
110
116
108
121
45
84
111
58
32
122
122
122
122
116
101
97
110
97
64
121
97
104
111
111
103
114
111
117
112
115
46
99
111
109
10
82
101
99
101
105
118
101
100
58
32
40
69
71
80
58
32
109
97
105
108
45
56
95
49
95
48
95
49
41
59
32
50
50
32
65
117
103
32
50
48
48
50
32
49
55
58
50
48
58
48
49
32
45
48
48
48
48
10
82
101
99
101
105
118
101
100
58
32
40
113
109
97
105
108
32
52
53
50
53
53
32
105
110
118
111
107
101
100
32
102
114
111
109
32
110
101
116
119
111
114
107
41
59
32
50
50
32
65
117
103
32
50
48
48
50
32
49
55
58
49
57
58
53
56
32
45
48
48
48
48
10
82
101
99
101
105
118
101
100
58
32
102
114
111
109
32
117
110
107
110
111
119
110
32
40
54
54
46
50
49
56
46
54
54
46
50
49
56
41
32
98
121
32
109
57
46
103
114
112
46
115
99
100
46
121
97
104
111
111
46
99
111
109
32
119
105
116
104
32
81
77
81
80
59
10
32
32
32
32
50
50
32
65
117
103
32
50
48
48
50
32
49
55
58
49
57
58
53
56
32
45
48
48
48
48
10
82
101
99
101
105
118
101
100
58
32
102
114
111
109
32
117
110
107
110
111
119
110
32
40
72
69
76
79
32
112
101
114
105
119
105
110
107
108
101
46
110
111
99
46
117
99
108
97
46
101
100
117
41
32
40
49
54
57
46
50
51
50
46
52
55
46
49
49
41
32
98
121
10
32
32
32
32
109
116
97
51
46
103
114
112
46
115
99
100
46
121
97
104
111
111
46
99
111
109
32
119
105
116
104
32
83
77
84
80
59
32
50
50
32
65
117
103
32
50
48
48
50
32
49
55
58
50
48
58
48
48
32
45
48
48
48
48
10
82
101
99
101
105
118
101
100
58
32
102
114
111
109
32
116
105
103
101
114
108
105
108
121
46
110
111
99
46
117
99
108
97
46
101
100
117
32
40
116
105
103
101
114
108
105
108
121
46
110
111
99
46
117
99
108
97
46
101
100
117
10
32
32
32
32
91
49
54
57
46
50
51
50
46
52
54
46
49
50
93
41
32
98
121
32
112
101
114
105
119
105
110
107
108
101
46
110
111
99
46
117
99
108
97
46
101
100
117
32
40
56
46
49
50
46
53
47
56
46
49
50
46
53
41
32
119
105
116
104
32
69
83
77
84
80
32
105
100
10
32
32
32
32
103
55
77
72
75
48
112
48
48
49
49
50
51
50
32
102
111
114
32
60
102
111
114
116
101
97
110
97
64
121
97
104
111
111
103
114
111
117
112
115
46
99
111
109
62
59
32
84
104
117
44
32
50
50
32
65
117
103
32
50
48
48
50
32
49
48
58
50
48
58
48
48
10
32
32
32
32
45
48
55
48
48
10
82
101
99
101
105
118
101
100
58
32
102
114
111
109
32
108
101
115
108
105
101
32
40
99
97
45
115
116
109
110
99
97
45
99
117
100
97
49
45
98
108
97
100
101
49
97
45
49
49
53
46
115
116
109
110
99
97
46
97
100
101
108
112
104
105
97
46
110
101
116
10
32
32
32
32
91
54
56
46
54
53
46
49
57
50
46
49
49
53
93
41
32
40
97
117
116
104
101
110
116
105
99
97
116
101
100
32
98
105
116
115
61
48
41
32
98
121
32
116
105
103
101
114
108
105
108
121
46
110
111
99
46
117
99
108
97
46
101
100
117
10
32
32
32
32
40
56
46
49
50
46
51
47
56
46
49
50
46
51
41
32
119
105
116
104
32
69
83
77
84
80
32
105
100
32
103
55
77
72
74
120
74
65
48
49
57
54
50
55
32
102
111
114
10
32
32
32
32
60
102
111
114
116
101
97
110
97
64
121
97
104
111
111
103
114
111
117
112
115
46
99
111
109
62
59
32
84
104
117
44
32
50
50
32
65
117
103
32
50
48
48
50
32
49
48
58
49
57
58
53
57
32
45
48
55
48
48
10
77
101
115
115
97
103
101
45
73
100
58
32
60
48
48
53
56
48
49
99
50
52
97
48
48
36
49
101
50
50
54
48
54
48
36
55
51
99
48
52
49
52
52
64
108
101
115
108
105
101
62
10
84
111
58
32
60
122
122
122
122
116
101
97
110
97
64
121
97
104
111
111
103
114
111
117
112
115
46
99
111
109
62
10
82
101
102
101
114
101
110
99
101
115
58
32
60
48
48
48
48
48
49
99
50
52
57
102
102
36
53
48
98
99
57
54
101
48
36
100
97
53
49
52
101
100
53
64
114
111
115
119
101
108
108
62
10
88
45
80
114
105
111
114
105
116
121
58
32
51
10
88
45
77
115
109
97
105
108
45
80
114
105
111
114
105
116
121
58
32
78
111
114
109
97
108
10
88
45
77
97
105
108
101
114
58
32
77
105
99
114
111
115
111
102
116
32
79
117
116
108
111
111
107
32
69
120
112
114
101
115
115
32
54
46
48
48
46
50
54
48
48
46
48
48
48
48
10
88
45
77
105
109
101
111
108
101
58
32
80
114
111
100
117
99
101
100
32
66
121
32
77
105
99
114
111
115
111
102
116
32
77
105
109
101
79
76
69
32
86
54
46
48
48
46
50
54
48
48
46
48
48
48
48
10
70
114
111
109
58
32
34
108
101
115
108
105
101
32
101
108
108
101
110
32
106
111
110
101
115
34
32
60
108
101
106
111
110
101
115
64
117
99
108
97
46
101
100
117
62
10
88
45
89
97
104
111
111
45
80
114
111
102
105
108
101
58
32
108
117
110
101
100
50
51
10
77
73
77
69
45
86
101
114
115
105
111
110
58
32
49
46
48
10
77
97
105
108
105
110
103
45
76
105
115
116
58
32
108
105
115
116
32
122
122
122
122
116
101
97
110
97
64
121
97
104
111
111
103
114
111
117
112
115
46
99
111
109
59
32
99
111
110
116
97
99
116
10
32
32
32
32
102
111
114
116
101
97
110
97
45
111
119
110
101
114
64
121
97
104
111
111
103
114
111
117
112
115
46
99
111
109
10
68
101
108
105
118
101
114
101
100
45
84
111
58
32
109
97
105
108
105
110
103
32
108
105
115
116
32
122
122
122
122
116
101
97
110
97
64
121
97
104
111
111
103
114
111
117
112
115
46
99
111
109
10
80
114
101
99
101
100
101
110
99
101
58
32
98
117
108
107
10
76
105
115
116
45
85
110
115
117
98
115
99
114
105
98
101
58
32
60
109
97
105
108
116
111
58
122
122
122
122
116
101
97
110
97
45
117
110
115
117
98
115
99
114
105
98
101
64
121
97
104
111
111
103
114
111
117
112
115
46
99
111
109
62
10
68
97
116
101
58
32
84
104
117
44
32
50
50
32
65
117
103
32
50
48
48
50
32
49
48
58
49
57
58
52
56
32
45
48
55
48
48
10
83
117
98
106
101
99
116
58
32
82
101
58
32
91
122
122
122
122
116
101
97
110
97
93
32
87
104
105
99
104
32
77
117
112
112
101
116
32
65
114
101
32
89
111
117
63
10
82
101
112
108
121
45
84
111
58
32
122
122
122
122
116
101
97
110
97
64
121
97
104
111
111
103
114
111
117
112
115
46
99
111
109
10
67
111
110
116
101
110
116
45
84
121
112
101
58
32
116
101
120
116
47
112
108
97
105
110
59
32
99
104
97
114
115
101
116
61
85
83
45
65
83
67
73
73
10
67
111
110
116
101
110
116
45
84
114
97
110
115
102
101
114
45
69
110
99
111
100
105
110
103
58
32
55
98
105
116
10
10
72
101
121
44
32
105
116
39
115
32
110
111
116
32
101
97
115
121
32
98
101
105
110
103
32
103
114
101
101
110
46
10
10
108
101
115
108
105
101
10
10
76
101
115
108
105
101
32
69
108
108
101
110
32
74
111
110
101
115
44
32
80
104
46
68
46
10
74
97
99
107
32
111
102
32
65
108
108
32
84
114
97
100
101
115
32
97
110
100
32
68
111
99
116
111
114
32
111
102
32
70
111
108
107
108
111
114
101
10
108
101
106
111
110
101
115
64
117
99
108
97
46
101
100
117
10
10
34
84
114
117
116
104
32
105
115
32
97
110
32
111
100
100
32
110
117
109
98
101
114
34
32
45
45
32
70
108
97
110
110
32
79
39
66
114
105
101
110
10
32
32
45
45
45
45
45
32
79
114
105
103
105
110
97
108
32
77
101
115
115
97
103
101
32
45
45
45
45
45
32
10
32
32
70
114
111
109
58
32
68
105
110
111
32
10
32
32
84
111
58
32
122
122
122
122
116
101
97
110
97
64
121
97
104
111
111
103
114
111
117
112
115
46
99
111
109
32
10
32
32
83
101
110
116
58
32
84
104
117
114
115
100
97
121
44
32
65
117
103
117
115
116
32
50
50
44
32
50
48
48
50
32
49
48
58
49
51
32
65
77
10
32
32
83
117
98
106
101
99
116
58
32
82
69
58
32
91
122
122
122
122
116
101
97
110
97
93
32
87
104
105
99
104
32
77
117
112
112
101
116
32
65
114
101
32
89
111
117
63
10
10
10
32
32
68
97
109
110
32
107
101
114
109
105
116
46
46
46
98
111
114
105
110
103
46
46
46
10
32
32
87
97
110
110
97
32
98
101
32
114
105
122
122
111
32
104
101
39
115
32
116
104
101
32
99
111
111
108
101
115
116
10
32
32
68
105
110
111
10
10
10
32
32
32
32
32
32
32
32
89
97
104
111
111
33
32
71
114
111
117
112
115
32
83
112
111
110
115
111
114
32
10
32
32
32
32
32
32
32
32
32
32
32
32
32
32
65
68
86
69
82
84
73
83
69
77
69
78
84
10
32
32
32
32
32
32
32
32
32
32
32
32
32
10
32
32
32
32
32
32
32
10
10
32
32
84
111
32
117
110
115
117
98
115
99
114
105
98
101
32
102
114
111
109
32
116
104
105
115
32
103
114
111
117
112
44
32
115
101
110
100
32
97
110
32
101
109
97
105
108
32
116
111
58
10
32
32
102
111
114
116
101
97
110
97
45
117
110
115
117
98
115
99
114
105
98
101
64
101
103
114
111
117
112
115
46
99
111
109
10
10
10
10
32
32
89
111
117
114
32
117
115
101
32
111
102
32
89
97
104
111
111
33
32
71
114
111
117
112
115
32
105
115
32
115
117
98
106
101
99
116
32
116
111
32
116
104
101
32
89
97
104
111
111
33
32
84
101
114
109
115
32
111
102
32
83
101
114
118
105
99
101
46
32
10
10
10
10
91
78
111
110
45
116
101
120
116
32
112
111
114
116
105
111
110
115
32
111
102
32
116
104
105
115
32
109
101
115
115
97
103
101
32
104
97
118
101
32
98
101
101
110
32
114
101
109
111
118
101
100
93
10
10
10
45
45
45
45
45
45
45
45
45
45
45
45
45
45
45
45
45
45
45
45
45
45
45
45
32
89
97
104
111
111
33
32
71
114
111
117
112
115
32
83
112
111
110
115
111
114
32
45
45
45
45
45
45
45
45
45
45
45
45
45
45
45
45
45
45
45
45
45
126
45
45
62
10
52
32
68
86
68
115
32
70
114
101
101
32
43
115
38
112
32
74
111
105
110
32
78
111
119
10
104
116
116
112
58
47
47
117
115
46
99
108
105
99
107
46
121
97
104
111
111
46
99
111
109
47
112
116
54
89
66
66
47
78
88
105
69
65
65
47
109
71
51
72
65
65
47
55
103
83
111
108
66
47
84
77
10
45
45
45
45
45
45
45
45
45
45
45
45
45
45
45
45
45
45
45
45
45
45
45
45
45
45
45
45
45
45
45
45
45
45
45
45
45
45
45
45
45
45
45
45
45
45
45
45
45
45
45
45
45
45
45
45
45
45
45
45
45
45
45
45
45
45
45
45
45
126
45
62
10
10
84
111
32
117
110
115
117
98
115
99
114
105
98
101
32
102
114
111
109
32
116
104
105
115
32
103
114
111
117
112
44
32
115
101
110
100
32
97
110
32
101
109
97
105
108
32
116
111
58
10
102
111
114
116
101
97
110
97
45
117
110
115
117
98
115
99
114
105
98
101
64
101
103
114
111
117
112
115
46
99
111
109
10
10
32
10
10
89
111
117
114
32
117
115
101
32
111
102
32
89
97
104
111
111
33
32
71
114
111
117
112
115
32
105
115
32
115
117
98
106
101
99
116
32
116
111
32
104
116
116
112
58
47
47
100
111
99
115
46
121
97
104
111
111
46
99
111
109
47
105
110
102
111
47
116
101
114
109
115
47
32
10
10
10
10
